<<PMCA SPECTRUM>>
TAG - live_data
DESCRIPTION - 
GAIN - 5
THRESHOLD - 0
LIVE_MODE - 0
PRESET_TIME - 0
LIVE_TIME - 106.303000
REAL_TIME - 112.437000
START_TIME - 05/12/2020 11:27:34
SERIAL_NUMBER - 0
<<DATA>>
0
0
0
0
0
0
0
0
0
0
0
0
0
0
0
0
0
0
0
0
0
0
0
0
0
0
0
0
0
0
0
0
0
0
0
0
0
0
0
0
0
0
0
0
0
0
0
0
0
0
0
0
0
0
0
0
0
0
0
0
0
0
0
0
0
0
0
0
0
0
0
0
0
0
0
0
0
0
0
0
0
0
0
0
0
0
0
0
0
0
0
0
0
0
0
0
0
0
0
0
0
0
0
0
0
0
0
0
0
0
0
0
0
0
0
0
0
0
0
0
0
0
0
0
0
0
0
0
0
0
0
0
0
0
0
0
0
0
0
0
0
0
0
0
0
0
0
0
0
0
0
0
0
0
0
0
0
0
0
0
0
0
0
0
0
314
437
502
562
517
572
541
548
514
531
491
507
530
530
547
526
493
515
542
476
508
501
501
489
528
501
489
513
475
482
540
526
519
480
490
488
501
525
507
511
491
513
466
499
506
499
505
486
489
514
505
504
483
486
489
526
509
498
493
466
514
540
478
487
479
500
461
478
496
540
474
447
489
490
494
460
490
456
482
505
495
448
456
470
477
515
476
495
462
502
509
447
477
463
450
496
499
464
452
450
471
495
466
465
461
481
458
459
487
447
474
464
447
493
458
458
442
471
454
463
422
480
444
438
488
493
443
470
446
484
435
484
475
461
466
461
468
420
472
438
470
441
468
429
484
454
484
428
434
466
476
481
462
463
434
466
451
440
448
422
468
435
446
432
455
494
455
444
485
462
435
433
442
452
477
468
466
459
457
461
477
480
447
463
471
434
442
434
419
430
434
419
447
460
461
456
458
470
468
447
426
446
406
416
456
417
467
427
405
450
438
460
439
464
429
440
447
429
440
471
435
457
440
442
411
445
433
420
421
419
441
453
526
435
391
452
429
439
403
410
407
454
436
434
419
454
430
391
447
418
438
435
432
438
394
436
458
442
430
420
441
453
388
429
453
398
414
462
427
435
458
425
436
417
435
414
437
437
407
440
439
415
428
452
420
426
403
361
422
430
422
428
423
444
417
429
413
423
387
423
434
436
419
417
420
420
414
428
435
405
381
427
403
403
417
444
400
416
438
442
433
400
433
420
451
409
452
427
404
444
422
407
401
373
406
407
448
433
418
429
424
422
380
383
402
432
399
421
410
394
461
397
395
427
396
430
409
442
413
384
405
434
406
415
422
419
397
406
426
394
459
403
406
445
431
400
414
434
388
405
421
393
424
382
400
394
439
399
440
381
443
440
412
387
420
405
388
395
412
442
403
442
398
410
431
439
425
396
386
399
395
396
434
370
439
423
401
423
415
429
428
416
393
398
460
442
395
408
415
423
432
407
409
382
400
402
428
347
394
368
397
393
371
406
390
437
397
376
380
367
399
409
350
418
403
434
408
413
398
383
398
422
430
423
399
413
420
403
389
445
401
426
408
399
380
383
388
423
416
401
406
388
410
396
364
410
416
396
381
369
420
422
420
426
391
460
365
384
394
405
359
416
424
416
395
388
411
370
419
430
402
394
403
402
367
355
387
419
397
399
407
429
414
405
415
436
392
412
390
441
362
401
402
381
400
420
388
422
407
397
431
444
422
428
440
404
421
410
405
398
391
403
415
413
413
398
385
393
415
400
415
398
423
415
410
407
404
439
363
398
409
427
433
413
406
388
435
452
415
392
424
419
408
400
371
391
396
386
425
401
410
397
453
439
390
369
423
394
420
436
398
450
406
404
435
426
398
426
388
420
400
438
357
437
470
455
454
461
433
419
456
459
472
461
434
487
475
461
491
450
472
497
460
455
481
459
445
427
499
476
483
474
520
454
472
498
509
520
527
481
515
536
544
475
554
468
472
477
476
456
503
440
478
474
438
403
418
430
406
431
418
372
370
420
414
378
403
452
395
374
381
441
433
414
418
362
393
404
413
411
419
397
406
384
409
395
409
430
392
421
397
386
410
424
416
393
353
378
406
388
366
402
379
371
419
383
383
392
423
420
383
395
386
423
425
386
403
398
391
436
440
440
405
437
420
391
405
391
378
410
370
396
387
367
398
401
414
451
429
409
439
439
427
412
437
453
470
434
437
461
462
418
395
454
484
480
413
457
498
407
449
440
455
420
399
426
419
404
389
395
405
382
408
415
390
451
402
386
383
398
385
401
412
403
436
387
405
360
392
403
420
372
406
421
412
427
402
381
414
373
414
418
424
402
396
420
404
396
371
407
378
369
406
370
377
393
389
393
375
381
399
365
426
419
382
400
368
373
382
350
363
393
412
390
389
379
420
394
378
387
362
386
415
409
357
359
404
350
354
398
371
392
398
344
398
359
380
419
411
389
376
393
365
354
386
389
372
408
395
380
386
363
372
368
403
344
347
378
423
377
367
390
395
384
449
374
416
353
369
363
435
370
400
350
362
344
376
384
347
395
387
361
389
367
375
405
366
371
402
371
394
404
372
367
389
378
363
372
381
406
373
372
366
391
360
395
363
404
365
381
385
387
374
411
394
364
383
383
415
401
392
364
382
413
369
366
390
385
350
398
371
380
363
366
388
361
385
370
354
389
419
391
370
368
381
359
364
381
368
363
382
392
374
375
375
425
349
398
408
401
393
381
388
390
380
423
394
434
405
394
390
384
414
408
399
395
363
387
378
387
377
395
364
387
401
380
362
338
359
364
395
354
384
389
360
383
359
377
405
371
397
379
366
362
377
379
387
332
381
372
359
416
373
373
384
378
398
346
384
333
374
383
411
380
419
378
387
376
419
399
385
352
343
405
403
388
375
368
405
418
380
380
410
380
375
399
383
407
398
385
405
376
374
406
371
388
374
374
388
394
406
370
382
406
433
366
361
374
396
403
388
379
349
368
402
346
362
374
381
361
401
375
406
421
417
408
401
395
357
418
404
390
372
431
361
398
390
388
359
395
378
372
356
400
393
395
376
361
347
411
385
392
377
376
389
404
385
373
396
337
416
417
372
391
408
381
383
380
434
376
402
386
365
389
413
372
396
362
356
418
390
368
382
377
402
363
420
385
388
377
395
384
397
387
389
419
380
415
397
369
373
390
368
381
391
400
396
411
419
376
359
359
374
392
411
406
392
380
422
374
367
399
421
405
417
401
336
384
381
358
370
363
396
398
423
434
379
399
409
400
365
364
422
385
391
391
363
390
372
414
404
388
381
397
392
397
392
401
451
419
380
415
386
342
355
380
395
379
430
423
372
371
379
363
425
369
366
382
403
387
416
359
383
382
388
388
368
372
409
406
371
367
400
402
376
397
417
365
365
395
392
383
372
386
386
378
372
393
391
393
386
399
358
385
382
379
366
380
393
426
399
383
385
368
413
391
395
390
363
368
373
386
390
368
414
384
391
441
353
369
409
362
383
393
380
422
382
362
400
397
364
330
400
406
403
393
348
384
397
355
401
387
392
374
380
384
391
386
363
384
357
425
396
380
389
382
365
390
390
396
362
372
435
364
396
431
357
412
399
424
416
371
390
369
364
381
410
375
392
380
380
413
365
391
359
384
348
397
386
364
427
368
388
379
415
408
410
395
360
388
367
401
400
353
390
381
366
416
396
381
414
328
358
390
368
394
380
365
390
410
401
382
344
415
397
374
346
384
381
368
364
368
352
391
345
392
407
387
414
421
396
364
368
364
378
414
361
374
428
370
389
386
367
430
409
399
380
401
354
376
339
398
351
339
391
379
424
383
404
365
391
417
389
404
384
369
381
402
384
366
393
363
368
398
427
438
374
409
393
376
381
376
391
347
369
381
375
379
359
383
378
361
388
393
375
361
384
373
364
375
380
392
366
375
406
366
368
384
392
355
391
398
401
354
345
409
384
377
350
362
397
369
372
368
378
396
377
393
351
385
352
365
380
385
388
394
401
338
361
371
405
385
379
380
408
369
376
361
356
379
367
375
383
365
398
380
378
379
364
359
348
389
376
409
380
395
404
391
402
368
378
387
398
347
432
416
403
404
407
367
368
386
371
365
420
372
387
360
406
411
368
363
408
335
356
376
378
397
387
346
382
416
383
367
378
393
378
380
358
362
375
385
417
408
372
393
365
378
356
396
359
374
402
376
371
364
355
368
369
413
368
388
351
410
371
405
348
408
356
371
379
403
364
393
402
390
385
361
348
388
379
382
354
359
416
350
363
357
407
373
398
363
340
338
404
383
359
360
393
380
336
396
376
368
391
414
361
359
394
382
366
395
390
384
381
368
384
384
363
370
377
374
383
396
388
373
427
364
395
384
375
373
365
405
398
362
364
364
392
385
394
367
408
415
375
378
388
361
391
407
357
401
363
414
373
378
371
400
363
402
388
406
392
361
399
399
382
397
378
377
399
345
409
399
361
345
426
386
358
366
389
380
397
379
410
391
386
381
365
351
434
358
364
401
373
359
355
379
358
375
423
372
386
382
378
408
403
364
394
409
350
427
436
341
403
381
405
412
394
387
360
363
416
374
363
406
410
415
391
377
386
392
383
375
366
377
398
365
431
391
434
392
411
385
364
400
363
375
432
406
417
385
378
426
391
399
368
398
421
397
408
420
437
389
409
395
417
418
393
395
400
409
367
419
442
379
422
437
424
418
415
409
412
441
449
454
454
412
453
418
407
415
446
416
428
428
473
474
418
448
434
481
427
451
456
442
419
493
426
421
449
473
441
447
450
495
470
473
448
421
489
452
463
462
460
429
431
472
469
508
476
474
461
473
467
473
488
433
476
472
471
460
483
440
485
461
468
450
429
452
457
466
452
497
470
460
457
442
491
449
462
524
504
450
448
470
434
450
506
492
491
467
447
450
462
496
460
436
452
446
460
475
497
487
459
503
438
433
481
516
457
493
482
471
472
498
513
496
482
469
452
485
498
440
476
465
432
488
465
474
520
527
460
481
499
511
469
456
513
463
466
428
496
451
486
457
478
518
484
451
529
475
476
459
452
477
496
478
467
461
516
469
506
470
490
463
474
537
462
466
452
450
463
462
457
491
474
455
448
502
436
489
455
528
508
487
495
468
477
479
469
511
460
481
492
484
475
426
470
447
490
471
468
473
458
443
465
484
458
480
439
515
450
483
483
448
469
476
473
475
470
519
469
502
499
490
463
502
421
503
459
501
452
485
493
479
458
488
477
438
468
456
469
471
480
501
456
471
421
473
487
486
432
447
470
447
471
433
453
463
462
420
462
477
472
426
473
457
457
451
482
473
480
453
421
462
442
477
476
486
460
454
478
448
455
453
459
446
455
452
449
433
451
425
505
440
472
444
456
511
453
451
482
411
464
479
484
448
442
426
452
468
493
450
504
416
420
508
413
475
449
455
456
470
444
422
442
439
486
477
405
430
472
476
454
495
455
430
440
455
413
417
463
437
460
449
421
461
452
457
452
428
439
405
460
434
456
436
459
420
442
426
427
434
470
490
431
421
439
423
430
443
430
449
430
441
436
439
423
456
419
470
445
427
443
448
460
420
433
390
420
432
412
456
436
435
424
432
439
391
439
482
426
432
404
429
410
413
428
457
429
433
459
460
406
447
429
443
412
414
441
455
424
454
413
414
439
447
431
438
457
411
385
422
422
427
432
430
412
431
424
466
432
407
427
398
491
414
454
435
425
410
414
421
434
438
433
378
395
426
443
424
427
423
403
422
438
415
441
425
452
445
396
449
430
430
416
431
406
445
449
399
429
412
427
469
433
386
406
409
436
397
451
402
417
402
424
401
414
406
419
402
431
427
438
443
411
469
463
417
374
429
420
431
380
412
412
420
424
400
418
401
425
400
388
439
421
371
420
395
426
403
425
394
414
403
408
461
392
411
411
387
429
430
401
401
388
454
402
438
417
394
407
424
417
426
458
409
421
395
441
406
413
452
405
407
385
396
407
447
390
408
421
416
434
394
412
425
358
396
402
406
407
434
392
398
381
430
392
370
393
427
430
387
411
400
411
414
337
401
427
430
363
392
414
405
407
415
402
419
391
396
394
415
400
380
416
401
410
409
418
370
387
382
391
348
386
361
396
383
396
397
412
400
375
429
395
404
386
398
390
424
419
399
393
376
391
390
386
401
376
385
393
395
382
411
405
357
403
389
391
387
373
432
394
404
405
389
358
377
403
421
369
387
374
427
361
433
413
352
372
371
403
394
409
389
381
374
414
386
390
379
419
390
396
387
368
409
375
396
377
389
421
396
380
378
383
352
418
364
401
420
425
393
395
422
379
395
359
379
369
416
373
381
407
381
371
392
391
412
370
361
410
370
358
361
395
415
375
360
403
402
375
389
367
387
370
439
384
358
359
368
370
377
364
378
387
395
383
381
375
353
371
346
366
381
425
372
386
407
375
381
385
426
362
362
362
389
381
393
372
371
374
397
399
366
382
401
363
350
388
355
394
381
361
382
365
341
361
369
367
393
376
363
400
417
348
362
377
371
346
398
334
364
374
387
332
352
354
352
395
360
341
352
386
361
358
367
417
375
374
373
359
353
362
350
346
348
368
356
386
377
384
386
381
358
336
342
378
365
350
318
351
374
373
332
364
354
346
404
363
370
370
401
403
369
343
376
350
399
389
405
347
342
348
404
354
307
366
378
359
346
366
330
369
376
398
353
374
389
376
382
385
298
370
345
357
363
339
352
368
385
360
374
337
332
339
373
353
376
374
349
369
402
364
388
364
359
348
383
333
400
390
339
375
364
370
366
382
402
389
377
352
369
319
375
364
404
358
365
336
362
364
388
386
369
326
372
347
356
378
382
337
385
386
352
373
387
366
356
375
365
339
360
361
390
365
355
381
361
370
366
343
399
352
336
372
363
351
336
382
367
339
331
370
360
345
355
395
385
373
387
350
381
338
365
350
371
346
354
338
338
342
346
360
354
359
352
388
387
363
352
342
358
385
342
315
369
351
335
364
344
320
392
351
359
366
339
360
359
351
333
349
319
364
349
364
340
369
337
343
373
363
343
315
348
355
350
375
323
337
371
348
337
356
349
367
346
337
339
326
368
335
408
374
342
389
348
388
322
363
345
342
328
360
320
340
329
364
325
373
346
340
342
383
330
317
317
326
356
342
356
354
330
370
308
358
364
356
372
310
371
337
316
345
339
343
333
349
338
345
340
333
336
333
300
334
340
301
336
322
360
351
369
349
349
368
374
390
312
363
327
351
359
341
355
339
328
354
356
327
331
338
360
313
342
320
362
313
314
362
344
315
331
365
372
317
380
352
347
336
353
360
337
321
381
339
365
356
349
319
364
325
332
356
335
312
341
330
323
352
338
339
350
333
353
377
345
346
362
367
336
337
355
347
358
364
314
331
327
369
349
318
337
340
355
342
363
395
326
332
340
364
365
356
361
357
350
341
353
374
337
321
297
305
346
329
323
363
336
348
364
339
340
348
361
348
376
360
364
372
333
318
346
333
331
343
347
361
333
328
341
336
349
358
333
347
311
373
353
347
343
326
349
308
346
322
336
341
343
370
336
331
336
320
296
314
350
349
337
325
299
352
323
326
321
339
344
321
332
332
320
324
334
377
340
334
330
341
310
341
300
318
331
339
306
334
366
319
319
340
349
324
366
345
346
365
329
351
333
347
321
370
332
325
349
349
318
361
370
319
338
321
354
333
341
327
375
327
390
367
339
335
356
336
362
357
370
355
326
346
349
324
328
328
350
341
331
361
356
372
329
326
340
327
337
346
322
333
323
350
334
328
320
325
340
349
357
293
334
329
329
329
339
367
355
352
308
292
319
308
327
339
328
350
363
313
339
378
360
353
339
336
279
332
342
336
309
330
347
332
308
369
346
347
355
336
328
355
298
346
345
333
299
357
328
328
392
320
323
350
322
326
320
333
333
335
346
337
344
350
335
336
312
351
325
304
311
326
348
361
336
374
359
340
352
330
343
351
327
317
337
365
349
314
356
332
335
313
334
325
326
328
348
332
346
326
302
332
354
344
335
324
291
314
319
395
354
366
329
356
325
329
321
324
302
340
327
329
352
313
343
365
334
302
305
332
341
385
309
343
314
321
351
318
369
308
313
310
341
371
331
313
348
331
325
345
331
341
336
324
334
284
352
321
342
348
316
346
338
326
340
338
336
340
326
351
338
341
335
293
350
316
302
356
323
328
337
362
366
349
352
354
337
324
300
306
338
288
353
350
336
330
332
346
341
318
366
322
361
328
330
325
324
332
327
343
324
335
353
365
311
342
320
346
362
300
353
335
323
303
368
316
324
342
335
332
315
341
349
342
337
309
348
303
345
324
340
343
353
346
362
322
321
309
339
306
317
360
323
351
322
343
355
336
308
340
308
331
331
379
340
303
331
339
319
357
350
343
321
327
322
344
330
320
326
338
330
366
312
392
307
347
334
323
334
335
304
357
327
333
309
363
346
326
317
355
338
307
350
329
346
343
330
323
347
316
290
347
341
346
365
322
304
347
339
340
362
339
346
286
336
318
321
341
328
341
312
311
321
334
341
332
322
312
330
329
316
342
370
334
357
363
361
313
347
301
335
338
350
324
329
341
342
306
335
351
354
323
341
341
357
335
342
335
363
334
351
318
339
328
329
343
353
333
338
306
323
315
364
335
326
364
319
344
330
319
326
293
312
322
347
314
318
344
330
315
330
314
317
316
344
333
340
352
350
333
303
328
326
330
345
300
336
340
346
336
315
325
326
327
329
338
326
362
317
350
361
329
352
322
344
339
319
335
353
340
337
319
334
328
335
334
326
292
330
333
313
344
356
357
331
346
360
296
326
348
302
345
318
329
336
349
333
331
336
337
368
298
350
330
328
367
320
322
329
297
317
331
350
357
324
328
336
306
351
356
351
353
324
343
347
341
345
346
328
300
333
337
313
341
352
341
314
350
338
328
310
324
302
308
326
352
351
322
328
357
332
316
349
318
337
342
335
363
328
362
343
354
304
331
338
356
354
352
371
313
328
352
348
330
334
319
316
294
337
308
338
343
340
369
349
327
332
339
313
351
338
335
323
338
339
322
322
348
382
327
334
319
365
302
334
321
341
327
332
317
376
355
335
313
300
339
306
329
329
330
305
348
335
347
325
374
355
330
351
345
357
318
341
326
313
317
311
329
337
335
341
345
323
337
325
368
367
336
336
358
340
328
344
374
341
355
319
328
334
308
345
349
341
321
340
406
333
342
356
306
339
317
312
330
345
345
355
352
362
342
346
364
352
324
332
330
359
330
341
323
349
344
340
318
328
364
346
334
382
315
338
327
359
333
359
352
347
353
317
321
329
329
345
324
364
332
307
326
334
319
331
338
315
355
362
326
340
313
357
364
333
340
321
351
339
336
337
390
340
342
363
333
327
342
373
349
333
353
375
338
341
356
362
345
341
330
317
330
320
342
324
322
328
336
347
344
328
352
345
349
347
320
329
314
321
352
336
334
345
380
354
339
335
314
349
368
333
325
321
330
336
344
349
332
366
313
369
315
359
347
305
315
329
349
368
347
368
341
358
309
347
313
370
326
318
373
377
318
374
328
367
372
338
364
347
369
344
357
331
384
383
338
401
346
360
395
356
333
341
386
395
339
339
323
337
355
341
343
362
331
347
371
349
322
351
370
376
323
329
365
376
354
349
353
334
337
316
372
359
357
354
340
306
358
337
347
375
351
343
358
338
344
337
353
372
376
317
312
346
352
320
373
342
337
348
379
355
328
367
347
326
344
389
332
349
343
354
346
370
356
334
352
333
335
350
371
366
327
344
361
380
360
335
394
364
329
341
345
378
329
359
378
336
334
335
333
381
328
367
309
331
347
355
363
340
343
323
368
379
357
337
320
362
381
324
343
342
342
380
358
360
345
353
340
328
376
336
338
360
340
343
335
360
369
403
356
360
368
343
379
361
368
341
338
348
356
378
356
327
348
374
346
367
339
360
345
346
369
327
321
330
323
389
338
335
368
388
361
346
364
315
344
378
388
329
342
378
347
328
359
368
352
377
340
339
350
389
339
355
342
409
375
330
344
367
335
403
390
360
361
359
363
352
366
396
333
337
356
359
369
362
347
363
348
376
377
359
336
368
346
330
362
337
368
409
363
370
352
353
339
351
344
365
386
357
372
362
336
350
325
354
356
374
370
368
365
320
332
358
313
355
408
375
353
364
379
355
378
335
361
378
342
353
358
364
363
347
378
373
360
376
372
367
383
352
366
362
344
372
402
389
370
334
359
347
372
378
348
337
355
375
336
398
348
364
361
318
392
353
363
366
373
389
347
362
360
357
362
356
367
381
359
388
339
348
365
376
365
370
364
365
378
388
368
376
367
387
342
376
386
391
379
398
356
392
390
394
408
390
371
367
355
368
370
384
381
351
369
369
389
347
356
342
373
371
383
402
402
394
410
385
370
405
345
370
378
391
389
328
345
341
372
340
405
355
359
358
412
376
391
399
395
388
371
369
397
387
378
400
371
405
362
361
355
379
364
368
350
374
393
354
409
370
362
356
408
409
397
343
366
410
349
374
379
365
355
381
336
418
401
378
412
396
368
395
389
418
398
385
377
393
356
385
411
408
401
353
377
393
388
394
392
392
411
394
392
379
372
417
364
344
373
336
359
354
375
397
370
398
397
393
369
357
405
366
395
385
409
381
430
409
391
350
371
352
394
398
410
389
375
432
341
402
419
382
345
366
409
391
412
369
363
406
410
407
375
385
403
377
396
386
398
397
395
335
363
392
384
425
362
407
400
401
416
395
396
390
390
384
397
420
397
402
411
361
405
411
434
371
405
415
420
429
418
357
381
416
446
389
403
364
364
390
396
413
399
386
445
399
411
384
414
387
416
404
401
399
427
429
448
410
390
397
388
419
405
375
404
405
422
393
352
422
458
403
362
389
397
417
406
411
398
395
394
462
415
426
417
423
460
376
385
439
418
383
410
435
417
400
396
409
423
401
433
384
391
405
426
406
411
392
423
426
416
426
469
401
415
403
415
383
415
424
422
413
425
399
399
397
443
402
402
417
435
394
449
406
433
457
421
413
416
441
420
421
393
407
430
413
431
411
424
389
424
427
431
405
395
427
398
429
389
418
419
465
435
428
424
435
415
404
438
431
428
428
453
430
423
360
456
418
465
446
426
458
423
439
437
427
386
451
396
398
458
424
440
435
432
421
397
470
449
431
409
428
437
452
440
426
490
441
440
424
437
433
446
447
448
386
417
462
410
430
451
450
433
441
437
439
436
433
423
413
466
458
460
450
478
447
448
411
440
426
443
415
470
462
448
436
404
468
429
450
444
471
438
461
438
439
397
462
454
433
451
440
452
441
476
435
473
481
495
462
450
447
488
429
467
498
483
431
491
431
455
470
479
446
459
472
448
480
451
446
435
469
455
484
446
493
466
466
459
459
451
419
492
458
428
471
454
456
491
461
462
449
426
447
422
517
469
442
472
433
479
514
480
464
433
416
470
513
483
456
458
455
472
442
461
479
490
448
466
473
465
512
457
490
464
437
474
477
459
465
467
489
457
471
501
479
482
502
507
486
516
474
502
484
472
495
463
470
474
470
478
500
475
503
488
510
507
469
462
486
465
508
527
489
523
488
514
474
546
490
515
497
487
479
500
455
493
479
465
530
529
480
525
476
513
507
504
490
480
509
485
468
518
553
527
494
504
513
492
500
499
520
490
504
506
487
519
490
487
475
534
531
503
461
461
476
503
516
473
516
506
493
511
489
492
521
538
483
494
501
510
490
496
498
533
526
496
486
507
496
550
546
501
520
508
553
530
511
466
488
522
498
494
492
562
519
542
551
513
533
503
544
523
517
509
545
525
526
503
552
490
489
522
521
486
521
515
527
539
567
454
505
481
471
509
510
505
524
552
523
505
487
509
474
531
537
480
469
484
518
505
501
504
492
517
538
514
493
471
498
531
507
515
470
441
525
495
479
497
474
497
494
439
464
479
457
483
468
513
498
536
509
452
508
495
484
477
461
477
457
442
471
460
463
441
501
443
434
419
454
461
403
479
470
459
402
390
429
416
463
442
423
426
436
403
413
402
436
427
393
424
398
405
406
402
384
379
394
388
384
417
368
415
354
357
354
366
387
375
372
375
369
359
362
376
361
333
324
347
350
327
327
342
344
362
355
332
315
348
335
336
369
312
308
322
313
352
321
321
318
321
332
298
314
335
301
326
344
303
318
318
287
295
306
298
324
297
313
305
293
297
295
285
273
310
320
334
255
304
305
279
304
296
293
292
279
285
298
292
316
294
287
293
310
276
287
317
269
281
302
310
294
288
292
303
278
272
274
289
272
287
285
287
271
314
285
278
292
251
257
294
268
288
274
285
247
277
294
255
291
274
275
297
294
256
260
254
255
272
280
241
274
261
274
265
285
239
262
254
232
259
253
252
237
270
276
237
252
253
239
266
240
234
258
253
251
275
282
264
252
251
279
252
241
271
266
248
249
259
247
254
242
252
220
257
240
234
246
265
230
256
255
268
248
233
241
243
220
257
249
248
252
266
250
248
268
269
254
252
252
248
245
253
245
243
253
252
245
230
237
251
229
227
228
223
223
245
257
212
231
252
228
241
236
260
247
226
225
199
242
258
235
225
211
236
224
236
224
198
239
233
238
258
238
226
229
224
220
233
227
216
210
238
225
229
243
236
206
248
216
221
237
209
211
207
195
216
223
200
227
218
208
223
208
222
210
210
207
195
223
208
223
195
194
218
223
227
215
235
216
202
220
234
254
202
222
204
203
201
236
230
218
210
245
217
211
203
177
232
215
221
214
215
212
205
207
201
228
202
226
214
215
193
213
201
227
211
189
226
193
197
197
225
189
191
212
218
212
204
202
199
220
229
214
197
207
207
207
192
196
196
214
195
194
193
192
215
218
189
216
191
202
201
202
203
192
193
209
190
228
219
195
202
219
208
202
182
209
193
198
188
218
183
179
186
183
204
196
196
160
195
170
197
181
191
193
192
183
199
197
194
206
236
178
197
188
206
182
177
198
192
192
194
170
194
221
210
180
184
219
196
171
200
194
168
178
175
218
192
193
217
187
195
173
190
159
181
191
198
186
190
215
190
178
177
196
192
193
201
203
212
167
216
189
165
212
180
170
197
161
146
202
192
162
170
162
183
191
180
184
196
191
203
176
177
166
176
174
191
178
159
193
164
171
179
159
194
184
185
167
177
155
161
177
154
163
153
152
184
149
166
214
160
169
152
168
174
188
168
167
202
197
175
167
157
167
147
160
203
163
173
170
160
189
183
142
164
166
154
156
175
170
203
171
172
140
196
162
164
166
168
167
185
170
188
139
143
169
190
141
173
159
177
162
143
162
150
143
176
148
177
166
157
166
169
172
137
129
191
170
147
169
155
166
174
143
157
164
147
171
131
135
166
155
149
152
169
160
176
152
154
146
143
153
151
150
152
152
149
178
123
157
131
158
154
148
161
156
114
152
149
139
166
122
152
132
183
141
141
150
175
146
145
145
150
136
162
140
158
154
147
137
147
141
144
141
132
144
147
147
143
158
138
151
122
146
130
122
151
156
140
126
154
156
129
142
135
139
139
142
136
167
123
127
136
139
133
120
123
139
141
132
138
129
135
135
133
134
149
138
117
148
141
139
136
140
156
120
123
138
144
114
133
117
128
139
138
123
129
124
121
129
115
122
133
117
153
124
131
125
136
133
130
124
121
118
139
105
124
138
121
124
129
119
134
133
117
138
111
113
131
140
116
134
135
136
118
130
126
118
137
117
125
130
132
119
150
114
130
104
114
117
121
126
113
117
126
124
125
110
109
151
118
120
105
153
125
112
109
102
90
124
115
115
120
116
105
129
110
99
132
124
107
103
111
104
128
103
93
125
101
117
108
89
104
97
117
110
116
101
110
97
107
106
106
99
112
97
109
103
104
92
96
89
96
106
99
113
110
107
85
106
131
113
93
109
99
105
92
102
94
104
115
105
107
109
115
117
104
98
110
110
106
92
91
96
96
87
96
114
97
106
110
99
107
105
102
98
105
93
115
107
90
87
110
107
111
102
115
90
92
98
129
93
90
109
101
99
102
81
103
94
112
92
108
105
93
108
87
102
90
105
85
92
110
90
89
96
104
111
97
85
101
80
91
109
80
112
93
98
101
93
91
91
91
80
84
102
86
100
79
95
88
90
97
103
87
96
82
86
99
92
98
79
78
100
93
93
84
98
95
94
104
92
94
95
96
95
82
93
87
85
73
97
86
91
108
91
87
77
93
68
86
113
96
81
89
99
86
72
85
80
89
82
93
90
80
105
88
96
83
66
94
96
101
83
88
72
87
80
88
89
89
102
94
82
94
96
78
96
98
103
91
98
79
102
98
93
76
97
96
88
89
106
82
95
81
83
91
85
109
96
93
83
73
79
88
72
82
71
87
73
95
101
85
77
80
89
79
85
71
79
86
82
84
80
92
89
86
84
90
83
81
87
73
93
82
81
90
100
93
79
77
90
85
96
73
85
89
86
82
79
103
88
93
87
82
91
85
84
86
90
74
79
83
96
83
86
81
84
68
97
85
87
87
99
95
89
104
98
75
79
94
80
84
87
62
92
91
67
92
89
76
63
94
79
79
86
98
85
76
90
83
80
72
91
102
91
77
85
85
89
91
81
74
83
70
81
85
81
84
95
74
92
83
63
79
59
79
80
74
81
68
70
91
82
83
81
91
94
72
81
77
76
85
90
94
71
80
83
81
80
67
80
80
85
99
84
66
82
100
94
88
86
74
81
88
78
85
101
90
82
92
74
71
91
90
95
77
78
73
81
68
81
81
78
83
72
75
98
77
67
83
103
82
72
104
79
78
84
70
72
65
80
80
64
89
80
99
79
58
76
77
68
78
74
83
101
94
83
69
84
73
71
91
76
83
76
83
78
91
80
81
76
82
85
96
88
70
66
77
77
87
74
81
84
75
76
82
86
83
63
77
68
90
84
88
69
96
71
85
76
73
90
80
82
65
77
76
92
83
87
73
74
76
76
79
89
58
77
94
77
76
86
85
68
61
65
65
83
85
72
81
68
88
72
76
82
71
67
78
91
73
68
81
95
84
69
81
77
66
79
77
75
74
68
73
75
78
83
67
80
76
81
81
71
74
73
66
80
84
106
76
92
70
64
78
101
101
65
89
63
89
75
78
77
63
73
73
74
83
74
70
80
61
64
78
95
70
76
72
65
82
80
89
71
60
67
87
79
60
83
80
76
74
78
77
88
81
91
58
72
82
91
82
64
67
73
77
88
78
72
63
72
75
74
82
71
94
75
70
71
84
77
70
76
75
83
65
83
85
79
62
67
65
70
65
77
63
70
71
88
75
78
70
83
80
75
72
68
68
82
75
73
84
78
89
62
100
86
77
73
92
75
82
76
78
72
65
69
77
77
67
72
86
69
70
67
76
61
77
73
82
74
72
75
62
66
82
84
67
74
88
75
74
70
78
70
73
93
69
89
81
70
85
76
83
65
88
71
75
92
75
59
68
76
84
61
62
99
76
76
78
70
81
80
89
62
79
73
72
72
82
79
84
64
78
79
83
79
71
68
74
77
73
71
78
70
74
69
76
66
67
72
69
78
87
71
72
79
72
65
63
95
76
83
72
78
58
87
68
71
74
79
58
75
67
78
82
64
81
65
72
69
76
73
76
57
80
85
72
77
68
80
75
79
62
72
79
65
67
81
92
67
79
66
66
81
79
94
82
81
69
87
60
73
73
82
77
72
60
72
88
67
79
73
70
83
83
67
65
56
80
60
89
95
79
83
75
71
83
79
77
78
72
75
70
64
63
68
48
65
67
96
91
85
87
87
69
74
77
75
60
79
68
76
83
85
70
79
71
60
68
78
67
106
74
85
76
61
69
70
83
80
97
70
72
79
82
75
91
92
74
62
78
73
76
93
74
83
72
50
72
79
78
70
90
82
69
76
81
69
80
90
98
74
83
85
89
88
67
83
79
73
77
74
86
72
85
89
60
85
87
60
64
71
78
69
68
84
87
87
89
76
82
64
72
83
75
90
87
94
67
96
79
87
68
88
73
93
75
79
84
71
78
84
93
79
88
78
85
97
83
70
71
82
88
98
67
97
94
77
85
98
93
83
80
78
79
92
77
90
89
90
77
96
90
109
90
98
104
84
84
97
97
85
90
89
97
85
58
104
92
109
91
84
97
71
107
97
71
82
83
96
90
96
90
104
99
80
103
99
87
89
98
89
88
78
95
89
106
84
101
118
96
96
101
90
105
103
117
100
106
115
120
82
105
88
92
111
103
105
105
97
99
109
123
101
105
126
117
126
117
128
122
98
131
110
113
127
99
118
119
125
122
124
108
131
121
132
142
121
141
121
142
132
152
137
159
140
146
166
120
163
138
169
147
159
136
155
177
164
193
173
194
166
164
194
178
211
186
179
189
203
207
194
222
192
207
211
227
232
230
249
237
227
261
254
237
240
257
300
267
253
289
328
312
298
302
347
370
341
367
359
379
348
370
381
408
367
470
446
446
508
468
505
526
540
582
562
605
618
603
611
629
727
778
766
768
859
831
851
908
929
1042
1118
1142
1168
1230
1333
1432
1552
1665
1720
1779
1927
2088
2305
2475
2610
2821
3034
3147
3396
3700
3882
4098
4328
4557
4866
5061
5251
5421
5664
5847
6099
6298
6361
6341
6668
6727
6833
6980
6957
6961
6989
7110
7034
7084
7211
7009
6962
7061
6840
7077
6872
6757
6807
6727
6750
6594
6631
6600
6591
6555
6399
6373
6604
6406
6514
6267
6212
6232
6265
6386
6054
6212
5996
6004
6022
5784
5793
5833
5495
5446
5257
5164
5109
4791
4658
4444
4027
3891
3806
3473
3232
3045
2877
2585
2401
2091
1963
1826
1546
1440
1255
1125
961
917
760
642
579
493
404
379
324
243
233
190
159
136
123
103
89
95
67
63
61
73
63
49
44
38
46
50
62
54
40
36
40
58
49
54
43
56
41
48
31
41
36
61
42
30
34
37
39
48
49
38
39
48
37
41
44
32
37
40
46
38
44
35
29
39
30
34
29
32
22
28
34
37
38
26
48
35
34
33
34
38
31
34
34
36
22
43
36
32
23
36
36
35
41
31
28
39
44
27
32
35
39
33
26
35
41
36
34
26
34
31
28
32
24
23
28
28
34
28
34
40
31
27
19
33
30
25
25
28
31
23
24
37
31
21
34
26
18
27
26
24
23
28
19
33
29
25
23
31
26
27
22
31
17
20
31
20
29
25
28
21
20
20
29
23
22
24
19
23
19
27
25
28
23
25
26
20
30
27
21
21
25
26
18
27
22
30
24
19
22
19
19
17
15
23
27
13
16
19
22
23
14
21
22
25
26
25
20
19
21
26
25
17
18
31
19
28
27
24
30
23
19
21
23
20
21
26
27
22
22
20
27
14
20
22
18
29
16
18
15
20
26
24
19
29
21
21
19
24
25
18
18
24
20
25
16
27
13
25
18
26
22
22
17
28
21
24
18
23
18
16
22
15
24
26
12
23
22
21
19
24
10
30
16
20
15
20
21
19
17
21
21
22
24
16
21
12
21
23
18
12
22
23
22
20
29
16
23
18
22
20
20
16
21
21
18
19
23
17
19
21
19
14
22
13
24
28
15
16
17
15
11
16
17
15
17
16
24
23
14
10
22
14
21
18
17
13
20
15
27
18
25
13
24
12
16
17
17
14
12
23
18
14
16
14
15
22
10
20
24
22
16
20
21
16
16
17
12
15
18
15
21
18
14
22
16
23
25
22
11
15
23
15
24
15
20
17
11
15
15
15
26
18
18
18
17
20
15
20
12
14
14
16
22
17
17
14
17
19
18
21
15
20
17
20
17
12
14
13
20
20
17
26
14
9
19
18
12
17
14
11
14
17
17
19
7
18
18
19
22
12
10
12
17
13
9
8
15
14
25
15
12
11
13
15
17
14
18
10
15
17
14
14
20
15
17
18
17
15
17
16
20
21
17
13
13
16
14
16
19
20
16
12
10
16
11
19
12
13
14
20
20
16
16
14
12
19
17
16
18
24
15
19
21
16
15
16
19
10
18
22
14
19
13
13
17
13
11
13
16
11
14
10
11
16
19
19
13
14
16
12
18
20
16
11
19
17
23
15
19
12
15
18
9
25
19
17
17
13
18
15
16
11
14
6
21
11
11
16
10
13
17
9
16
18
18
21
19
13
15
14
10
12
7
13
14
11
13
15
19
9
14
15
18
12
14
12
12
12
19
17
21
10
11
13
23
20
16
25
13
14
8
10
15
13
12
14
9
15
18
19
15
6
17
22
17
9
15
18
13
19
12
14
13
11
16
15
15
15
14
18
10
18
14
15
12
23
17
13
13
17
12
15
17
15
10
15
10
13
12
13
15
14
11
19
19
10
18
17
12
18
15
11
12
16
19
14
13
14
16
17
15
15
14
14
15
19
11
14
11
12
14
10
19
15
13
15
9
11
19
9
17
11
9
11
12
11
15
15
12
17
14
13
13
9
7
8
16
15
16
5
14
17
9
20
14
10
14
13
12
18
15
18
17
14
11
16
14
18
17
12
17
8
17
12
15
17
11
12
7
21
13
9
12
13
10
14
12
8
12
10
11
13
12
14
12
18
15
18
15
14
9
11
14
21
14
8
11
14
<<END>>
<<DP5 CONFIGURATION>>
RESC=?;    Reset Configuration
PURE=OFF;    PUR Interval On/Off
MCAS=NORM;    MCA Source
MCAC=8192;    MCA/MCS Channels
SOFF=OFF;    Set Spectrum Offset
GAIA=2;    Analog Gain Index
PDMD=NORM;    Peak Detect Mode (Min/Max)
THSL=2.001;    Slow Threshold
TLLD=OFF;    LLD Threshold
GATE=OFF;    Gate Control
AUO1=PEAKH;    AUX_OUT Selection
PRER=OFF;    Preset Real Time
PREL=OFF;    Preset Live Time
PREC=OFF;    Preset Counts
PRCL=0;    Preset Counts Low Threshold
PRCH=8191;    Preset Counts High Threshold
SCOE=FA;    Scope Trigger Edge
SCOT=50;    Scope Trigger Position
SCOG=1;    Digital Scope Gain
MCSL=0;    MCS Low Threshold
MCSH=8191;    MCS High Threshold
MCST=0.01;    MCS Timebase
AUO2=ICR;    AUX_OUT2 Selection
GPED=RI;    G.P. Counter Edge
GPIN=AUX2;    G.P. Counter Input
GPME=ON;    G.P. Counter Uses MCA_EN?
GPGA=ON;    G.P. Counter Uses GATE?
GPMC=ON;    G.P. Counter Cleared With MCA Counters?
MCAE=OFF;    MCA/MCS Enable
PDMD=NORM;
<<DP5 CONFIGURATION END>>
<<DPP STATUS>>
Device Type: MCA8000D
Serial Number: 1625
Firmware: 6.09  Build:  0
FPGA: 1.08
Slow Count: 2829014
GP Count: 0
Real Time: 112.716000
Live Time: 106.303000
Board Temp: 39°C
<<DPP STATUS END>>
