0.8719029126213608	0.3942416666666667	4.163093333333333	-54.1844765484082
2.626903846153848	0.3943	4.162678333333334	-54.1695846709187
4.391165048543692	0.394324	4.162314	-54.15069612884558
6.398007936507939	0.3943671428571429	4.161881428571429	-54.11902615107888
8.38421782178218	0.3944466666666666	4.161451666666666	-54.11029996245939
10.13461904761905	0.3944933333333333	4.161096	-54.08493853806461
11.88479	0.394556	4.160723333333334	-54.05625464496096
13.64321000000001	0.3946033333333334	4.160313333333333	-54.03105403406275
15.41049523809524	0.394644	4.159948	-54.00770744074516
17.38711475409836	0.3946914285714286	4.159528571428572	-53.98065413638099
19.33526	0.3947416666666667	4.159046666666667	-53.96216158314454
21.13655238095238	0.3947816666666666	4.158658	-53.94651813053061
22.88710101010101	0.394842	4.158308333333333	-53.92493955868548
24.64435353535354	0.3948866666666667	4.157888333333333	-53.90498253786426
26.40808080808081	0.39493	4.157444	-53.88750527091624
28.379328125	0.3949757142857143	4.156884285714286	-53.8651469036849
30.31725	0.3950316666666667	4.156303333333334	-53.85637549520413
32.07631313131314	0.39509	4.15577	-53.83543001272793
33.85587619047619	0.3951249999999999	4.155253333333333	-53.81000755933518
35.61983673469388	0.39521	4.154570000000001	-53.78066107439399
37.3841308411215	0.395262	4.153852	-53.75709347750995
39.37056589147286	0.3953142857142857	4.152881428571428	-53.75392498380945
41.35141584158416	0.3953733333333333	4.15163	-53.80268574765803
43.12643689320388	0.395438	4.150346	-53.84350688560566
44.84795283018867	0.3954566666666667	4.149015	-53.87401537351116
46.63136	0.3955166666666667	4.147378333333333	-53.87501584478976
48.40220588235294	0.3955799999999999	4.145748	-53.92386483104731
50.36112403100775	0.3956157142857143	4.143881428571428	-53.91463500966825
52.37450467289719	0.3956783333333334	4.141863333333333	-53.87009671243105
54.1666923076923	0.395725	4.140239999999999	-53.81170188094468
55.90049494949495	0.395788	4.13893	-53.76656389330816
57.71318181818182	0.3958533333333333	4.137885	-53.72376019434249
59.432	0.3959066666666667	4.137028	-53.67447126534872
61.28479120879121	0.395968	4.136305	-53.62574878206367
63.08525490196079	0.3959866666666667	4.135696666666667	-53.59342053283194
64.85073	0.396046	4.13529	-53.54869300092765
66.60901869158877	0.3960933333333334	4.135005	-53.52400090536435
68.623048	0.3961685714285714	4.134842857142856	-53.4853016309289
70.58440625	0.3962333333333334	4.134761666666667	-53.44457575408449
72.46329761904761	0.3962783333333333	4.134781666666667	-53.40635375833986
74.39363218390804	0.396324	4.134910000000001	-53.37235506245023
76.04518556701031	0.3963783333333333	4.135096	-53.33142085900428
77.77960606060606	0.396414	4.135315	-53.30851880870143
79.50478160919539	0.3964583333333334	4.13557	-53.27614002903381
81.44554320987653	0.3965216666666667	4.135882	-53.24631216204703
83.32023529411765	0.396568	4.136255	-53.20939446794577
85.18628048780488	0.396642	4.136652000000001	-53.17941652983607
86.89708737864076	0.39668	4.137021666666667	-53.14343742651043
88.62552336448599	0.396765	4.137513333333334	-53.12039197740256
90.61945312499999	0.3968171428571429	4.13801	-53.09779066245567
92.61395049504951	0.396866	4.138438	-53.07449220429147
94.35902777777777	0.3969066666666667	4.138891666666667	-53.04752730909847
96.13604672897195	0.39697	4.13937	-53.02585865532222
97.92553333333332	0.397038	4.139796	-53.00840576801783
99.6975619047619	0.3970683333333334	4.140251666666667	-52.98613669552749
101.4676509433962	0.39712	4.140696666666667	-52.96132299795752
103.4627519379845	0.3972200000000001	4.141188571428572	-52.94084957820505
105.4485327102804	0.397254	4.141628000000001	-52.906089075922
107.219141509434	0.3973183333333333	4.14204	-52.88334288040179
108.978858490566	0.3973583333333333	4.142449999999999	-52.85500944917609
110.7418971962617	0.397446	4.142846	-52.83204360943328
112.4837058823529	0.3974766666666666	4.143173333333333	-52.81116303990136
114.4632932330827	0.3975442857142857	4.143564285714286	-52.78749505810733
116.4477452830189	0.397615	4.143892	-52.76179459761165
118.2104339622641	0.397666	4.144288333333334	-52.7456722508858
119.9685428571429	0.39771	4.144641666666667	-52.73084525683026
121.7462912621359	0.3977683333333333	4.144951666666667	-52.71672618253577
123.5329111111111	0.397816	4.145264	-52.66675389968169
125.2770408163265	0.3978783333333334	4.145534	-52.63544171434536
127.281672	0.3979457142857143	4.145848571428572	-52.6155476523432
129.191359375	0.3979975	4.146144	-52.58807248913345
131.0681941747573	0.39806	4.146388	-52.56475097004005
132.5680447761194	0.398095	4.14664	-52.54171372126525
134.7341038961039	0.398118	4.146888	-52.51987992033396
136.27041	0.398208	4.147146	-52.51458646785883
138.2603984962406	0.3982685714285714	4.147434285714286	-52.49383298540141
140.2383980582524	0.3983066666666666	4.147721666666667	-52.46173134900817
141.9912673267327	0.3983766666666667	4.147984999999999	-52.44585406976887
143.7904466019418	0.398416	4.148216000000001	-52.42253774433228
145.5165531914894	0.39847	4.148403333333333	-52.40021877968465
147.3224528301887	0.3985233333333333	4.148637999999999	-52.39032694998204
149.0914230769231	0.39858	4.148801666666666	-52.39922288087523
151.0716692913386	0.3986228571428571	4.148755714285715	-52.39097957791338
153.0424615384616	0.3986666666666667	4.148386666666667	-52.43418494679278
154.8170693069307	0.3987283333333334	4.14797	-52.46732916200584
156.6130673076923	0.398784	4.147475	-52.54312938430615
158.3602475247525	0.3988333333333334	4.146818333333333	-52.61732546446608
160.1025454545455	0.39887	4.146172	-52.6826420100813
162.0949435483871	0.3989071428571429	4.145308571428571	-52.70986561355673
164.10213	0.3989466666666667	4.144375	-52.69768964432301
165.8585436893204	0.3989816666666667	4.143582	-52.7329958557082
167.6298811881188	0.39903	4.142761666666667	-52.76885522622265
169.4146796116505	0.399045	4.14194	-52.73660344849335
171.1441037735849	0.3990883333333333	4.1412	-52.72999753216014
172.93384	0.399112	4.14048	-52.74313532650046
174.6998431372549	0.3991616666666667	4.139788333333334	-52.7332259387392
176.6804330708661	0.3991885714285714	4.139133333333334	-52.76304897771624
178.6808431372549	0.3992233333333333	4.138593333333333	-52.72293795223935
180.4492718446602	0.399248	4.138081666666666	-52.69500435062766
182.1889702970297	0.3992866666666666	4.137804000000001	-52.70589463779039
183.9570510204082	0.39933	4.137498333333334	-52.67212410325456
185.7148316831683	0.399365	4.13731	-52.64519260376623
187.6932419354839	0.3994085714285714	4.137148571428571	-52.56993678891646
189.6474509803922	0.3994316666666667	4.137136666666666	-52.51427477450305
191.4054423076923	0.399472	4.137233333333334	-52.43841416724574
193.1921960784314	0.39951	4.137506	-52.40358546069787
194.9865	0.399518	4.138005	-52.42552547058157
196.7434554455446	0.3995416666666667	4.138678333333334	-52.38188484941749
198.5067669902913	0.3995816666666667	4.139326	-52.36754207544947
200.493511627907	0.3996171428571428	4.140042857142857	-52.34674913250755
202.4732242990654	0.399654	4.140848333333333	-52.30320903599741
204.2532525252525	0.3996966666666666	4.141578000000001	-52.28612104033341
206.0202718446602	0.3997066666666667	4.142368333333334	-52.26456912721497
207.7986310679611	0.399736	4.1433	-52.24518017800217
209.5654242424243	0.3997716666666666	4.144256	-52.21896605322446
211.5346899224806	0.3997871428571429	4.145374285714285	-52.18618836409907
213.5015408163265	0.399826	4.146738333333333	-52.13396520508334
215.3052352941177	0.3998666666666666	4.147954	-52.07075372998316
217.0499902912622	0.3999283333333333	4.149325	-52.04141329601819
218.8166990291262	0.399926	4.150971666666667	-51.98717060292761
220.5869509803922	0.3999483333333334	4.152672	-51.93540140700891
222.3702222222222	0.399978	4.154511666666666	-51.89212913925753
224.3087153846154	0.4000185714285714	4.156734285714286	-51.84471499872442
226.2907047619047	0.400095	4.159088333333334	-51.8097336005757
228.07573	0.4001333333333333	4.16113	-51.78286401089425
229.8373203883495	0.4001533333333334	4.163216666666666	-51.76365157602676
231.7327530864197	0.40021	4.165523333333334	-51.72913144830163
233.4353555555555	0.40025	4.167796666666667	-51.69086960237819
235.4333882352941	0.400294	4.170098	-51.6598717123852
237.1836826923077	0.4003083333333333	4.17223	-51.63011494124899
238.9341346153846	0.4003383333333333	4.174335999999999	-51.60677422486636
240.7455353535354	0.400394	4.176421666666667	-51.5796097125558
242.4770594059406	0.400435	4.178651666666667	-51.57892756072562
244.4380223880597	0.4004914285714286	4.180969999999999	-51.61031719178575
246.4259433962264	0.4005233333333333	4.183052	-51.63508290295108
248.1976019417476	0.400562	4.184841666666666	-51.65206374469101
249.9667619047619	0.4006066666666667	4.186408	-51.67036456401769
251.73648	0.400616	4.18788	-51.69698038969227
253.4580808080808	0.4006533333333333	4.189242	-51.68245228784982
255.4889147286821	0.40069	4.190565714285714	-51.68947563083309
257.4386831683168	0.4007483333333334	4.191895000000001	-51.68903766346518
259.2132358490566	0.400748	4.193068333333333	-51.68934177034804
260.9674952380952	0.4007916666666667	4.194074	-51.70564261600101
262.7225670103093	0.4008233333333334	4.195095	-51.70220208487281
264.4827222222222	0.400866	4.196151666666667	-51.74735519307868
266.2434528301886	0.4008566666666667	4.197147999999999	-51.72201896936822
268.2166854838709	0.4009071428571429	4.198207142857143	-51.70630722423221
270.1758285714286	0.400906	4.199335	-51.69921271890475
271.9415588235294	0.400925	4.200352	-51.69009818779782
273.6888118811881	0.4009333333333333	4.201375000000001	-51.68613072973353
275.4236568627451	0.400976	4.202474	-51.65528905613482
277.4372109374999	0.4009971428571429	4.203768571428571	-51.6426987774671
279.4320192307692	0.4010383333333333	4.205263333333333	-51.5614840862748
281.1875918367347	0.40107	4.206801666666666	-51.54670993510754
282.9581683168316	0.4011	4.208390000000001	-51.49723241136081
284.69915	0.401115	4.210145	-51.47886643005582
286.44212	0.40114	4.212094	-51.51284179243856
288.2476138613861	0.4011583333333333	4.214049999999999	-51.5222405154068
290.2318091603053	0.4011871428571429	4.216205714285715	-51.56417997148361
292.2120824742267	0.401212	4.218328333333333	-51.58374637882508
293.9501941747573	0.40122	4.220034	-51.62873614078326
295.7352352941176	0.4012516666666667	4.221738333333334	-51.69767750005926
297.4748461538461	0.40127	4.223432	-51.74068770019986
299.2863921568627	0.40128	4.225211666666667	-51.79741142576559
301.0223663366336	0.4013033333333333	4.22716	-51.79052704467526
303.0078692307692	0.4013342857142857	4.229345714285714	-51.79890108526418
304.9823027522935	0.401348	4.231518	-51.81954135191321
306.7664705882353	0.40134	4.233626666666667	-51.81372498464117
308.5023981481481	0.4013680000000001	4.235826	-51.81831719281197
310.2572038834952	0.401365	4.238125	-51.79526747356139
312.2249062499999	0.4013728571428571	4.240965714285713	-51.81090721688597
314.194702970297	0.4013933333333333	4.244041666666666	-51.78416982690543
315.9635188679245	0.401392	4.246776	-51.73740150741645
317.7335544554455	0.4014216666666667	4.249633333333333	-51.7099961735348
319.4650582524272	0.4014116666666667	4.252612	-51.66025776991144
321.2615754716981	0.401438	4.255695	-51.6015771394152
323.0134615384615	0.4014683333333334	4.259218333333333	-51.55565763588581
324.9691654135339	0.4014985714285714	4.263172857142857	-51.49704556709551
326.9440891089109	0.401514	4.267022	-51.42136020915542
328.6913883495146	0.4015433333333333	4.27068	-51.36745496142435
330.4443235294117	0.401584	4.274448	-51.31898280839893
332.188168224299	0.4015966666666667	4.278141666666667	-51.23866179132357
334.1772635658915	0.4016128571428572	4.282407142857143	-51.16807160012846
336.1243551401869	0.4016416666666667	4.286038	-51.10936198925555
337.907854368932	0.401656	4.289223333333334	-51.06192667269518
339.6658431372549	0.4016616666666667	4.292671666666666	-51.01449654108039
341.4241296296296	0.401712	4.295674	-50.97761146232488
343.1913786407766	0.4017433333333333	4.298591666666667	-50.93231770492953
345.172844262295	0.4017728571428572	4.301957142857143	-50.8599456003687
347.1691960784313	0.4018316666666666	4.305178333333333	-50.83399613747439
348.9204857142857	0.401852	4.307692	-50.79498604403979
350.6650784313725	0.4018866666666667	4.310096666666666	-50.77385556477445
352.3991470588235	0.401912	4.312396	-50.7285154319485
354.1769805825243	0.4019766666666667	4.31454	-50.69402796927525
356.1432598425196	0.4019985714285714	4.316987142857142	-50.6513837789351
358.1157830188679	0.402066	4.31906	-50.61864757645515
359.8681481481481	0.4020733333333333	4.320860000000001	-50.60293899489028
361.6145196078431	0.40211	4.322676666666666	-50.57020891631669
363.370875	0.402168	4.324172	-50.5705194078656
365.1276442307692	0.4022016666666666	4.325593333333333	-50.54404527676651
367.0880781249999	0.4022471428571429	4.327127142857143	-50.53026607055116
369.1063762376237	0.402278	4.328438	-50.4942577044296
370.8730980392157	0.4023366666666667	4.329536666666666	-50.46046688676594
372.6258365384615	0.402385	4.33065	-50.44879996974829
374.3827450980392	0.402436	4.331612	-50.4196016219983
376.1410096153846	0.40248	4.33252	-50.39398852430382
378.1171832061068	0.4025071428571428	4.333458571428571	-50.36758124350267
380.0830192307692	0.402556	4.334237999999999	-50.33788619327883
381.8827545454545	0.402585	4.33496	-50.3176932262736
383.6461121495327	0.4026583333333333	4.335396	-50.28584014313402
385.3994245283019	0.40271	4.335846666666667	-50.26304352212875
387.1816476190476	0.4027383333333334	4.336276666666667	-50.24597090743065
388.9529090909091	0.402784	4.336666	-50.22220238340171
390.9227557251908	0.4027285714285714	4.337011428571429	-50.20005517314468
392.8816380952381	0.4027566666666667	4.337393333333334	-50.17847220669754
394.6655922330097	0.402826	4.337622000000001	-50.14913477425011
396.4120594059406	0.4028733333333334	4.337813333333333	-50.12674592740805
398.1422095238095	0.4029016666666667	4.337968333333333	-50.11958613642714
399.9088130841121	0.402962	4.33809	-50.08325701375242
401.8758863636364	0.4029914285714286	4.338158571428571	-50.06171843728398
403.8750891089109	0.403055	4.338188333333333	-50.02796687166087
405.6233921568627	0.40312	4.33813	-50.000856086039
407.3922211538461	0.4031533333333333	4.338108333333333	-49.97930349239964
409.1217777777777	0.40319	4.337991666666666	-49.96179530240312
410.9040275229357	0.403214	4.337864	-49.95433629229171
412.8930078124999	0.4032757142857143	4.337732857142857	-49.92588206918437
414.8920873786408	0.40332	4.337576666666667	-49.88848214975658
416.6704615384615	0.4033916666666666	4.337354	-49.86123512775325
418.4288653846153	0.403452	4.337206666666667	-49.85880118732278
420.1653301886792	0.4034883333333333	4.336991666666666	-49.84716291225338
421.9355779816513	0.403502	4.336784	-49.84905817383151
423.9008203125	0.4035571428571429	4.336594285714285	-49.84841359999295
425.8650566037736	0.4036133333333334	4.33634	-49.82768494612954
427.6174166666666	0.403656	4.336148	-49.83314982697932
429.3991226415094	0.4036916666666667	4.335905	-49.83109950258832
431.1949423076923	0.4037416666666667	4.335635	-49.8285109291269
432.9066442307692	0.403756	4.335448	-49.82028794550291
434.9229924242424	0.4038042857142857	4.335295714285714	-49.82437063180712
436.9018425925926	0.4038133333333333	4.334956666666667	-49.84357829113586
438.6476509433962	0.403875	4.334588	-49.83665298661472
440.4240980392157	0.403894	4.334365	-49.83185915051222
442.1771764705882	0.4039383333333333	4.33412	-49.83200665779187
443.92666	0.403982	4.333796666666667	-49.83703649044845
445.6922095238095	0.40399	4.333458333333333	-49.8568245647714
447.691484375	0.4040314285714285	4.333202857142857	-49.85572410876206
449.6535922330096	0.40404	4.332946000000001	-49.86176622694463
451.4067864077669	0.40406	4.332735	-49.86633180129677
453.1419134615384	0.404065	4.332523999999999	-49.87257171029279
454.9120384615384	0.404072	4.332273333333333	-49.88620277594395
456.8831755725191	0.40408	4.332022857142857	-49.87368547020878
458.8578285714285	0.404085	4.331815	-49.8816368775781
460.6083921568627	0.4040966666666667	4.331644	-49.9108697466976
462.3885818181818	0.404114	4.331448333333333	-49.90850915727859
464.1545794392523	0.40412	4.331348	-49.91322298684477
465.9261238095238	0.4041299999999999	4.331155	-49.93971429349714
467.7513814432989	0.404132	4.331018333333333	-49.95684476478937
469.6858778625954	0.4040957142857143	4.330872857142857	-49.96515958790665
471.6554433962264	0.404115	4.330738	-49.99355148914388
473.4203333333332	0.404118	4.33063	-50.02552401861531
475.2035047619048	0.4040983333333333	4.330500000000001	-50.0317671109353
476.9649326923077	0.40409	4.330421666666667	-50.04288790158708
478.7339999999999	0.404096	4.330286666666667	-50.03329453407373
480.6927596899225	0.4040714285714285	4.330197142857142	-50.0548874517258
482.6775825242718	0.4040566666666667	4.330146	-50.08288057734384
484.4218076923077	0.4040533333333334	4.33005	-50.0960551274531
486.1730096153846	0.404034	4.329948	-50.1243913747803
487.9236	0.4040233333333333	4.329851666666666	-50.1400772130165
489.7361047619048	0.4039916666666667	4.329786666666667	-50.160340820874
491.4973235294117	0.403996	4.329747999999999	-50.18000047076738
493.4615984848484	0.4039657142857143	4.32963	-50.21668831655445
495.4128217821782	0.4039233333333333	4.329485	-50.24193916651591
497.1719615384615	0.4039	4.329406000000001	-50.27395040043907
498.9206574074074	0.4038483333333334	4.329316666666666	-50.29497575492137
500.6831238095238	0.403832	4.329256666666666	-50.3210388260247
502.6441555555555	0.4038014285714286	4.329201428571428	-50.34789184287608
504.6220388349515	0.40376	4.329142	-50.37241098612908
506.3902788461538	0.403735	4.329056666666666	-50.42074676038193
508.1548461538462	0.403706	4.328995	-50.43988206891562
509.9277184466019	0.403665	4.328957999999999	-50.47358958481988
511.7200485436893	0.4036	4.328915	-50.49913482965924
513.4889285714286	0.403574	4.328835	-50.52933039910064
515.4568968253969	0.40354	4.328821666666666	-50.56369576646262
517.4049708737865	0.4034866666666667	4.328793333333333	-50.59019544173933
519.1579292929292	0.40343	4.328783333333333	-50.62672732748967
520.8952429906542	0.4033866666666667	4.328746	-50.65610665220425
522.6906310679614	0.403344	4.328743333333334	-50.70081608753577
524.4403203883496	0.403295	4.328752000000001	-50.74599697761272
526.4237578125001	0.4032428571428571	4.328732499999999	-50.79106448939311
528.3896407766991	0.4031583333333333	4.328762	-50.82537123427496
530.1838761904763	0.40311	4.328793333333333	-50.86643363073703
531.9127238095239	0.4030383333333333	4.328832	-50.89743913182689
533.6790873786409	0.40299	4.328876666666667	-50.91102305010868
535.4301944444445	0.4029216666666667	4.328906666666667	-50.94508151904942
537.3968527131783	0.4028457142857143	4.328911428571429	-50.98351457537711
539.3955096153846	0.402786	4.328988	-51.03725574997576
541.1429902912622	0.4027083333333333	4.329021666666667	-51.06245871523701
542.894504854369	0.40264	4.329036	-51.11050981346965
544.6239047619048	0.402584	4.32912	-51.14749037349161
546.428886792453	0.402515	4.32919	-51.17758931880974
548.3896136363637	0.4024185714285714	4.329297142857143	-51.23819646405807
550.3803867924529	0.4023566666666666	4.329348	-51.27870086583189
552.1219619047619	0.402278	4.329396666666667	-51.32258242212345
553.8663238095239	0.4022033333333333	4.329488333333333	-51.34521420526395
555.6411650485437	0.40212	4.32954	-51.38511901596775
557.5809689922481	0.40202	4.329572857142857	-51.44479396741179
559.583574074074	0.4019583333333333	4.329671666666667	-51.51390231152709
561.3436857142858	0.4018433333333333	4.329804	-51.54733222763436
563.1285700934581	0.401764	4.329956666666666	-51.57494717368797
564.8786176470588	0.401695	4.330056666666667	-51.65391048535006
566.6389238095238	0.401596	4.330202	-51.71742795572336
568.3712	0.4015	4.330326666666666	-51.75753223873856
570.3312406015039	0.4014071428571429	4.33053	-51.81170286917138
572.3106315789474	0.40129	4.330742	-51.85591119991446
574.0998773584906	0.401192	4.330953333333333	-51.89258920456424
575.8466078431372	0.4011016666666666	4.331153333333333	-51.94389932759649
577.5996635514019	0.401002	4.331333999999999	-51.98794255566533
579.3752653061225	0.4009316666666666	4.331555	-52.02401939347845
581.3132890625001	0.40083	4.331772857142857	-52.09477637717081
583.3308514851485	0.400705	4.332054	-52.15420157888526
585.0768773584906	0.4006	4.33228	-52.20263267569978
586.8658229166666	0.4004816666666667	4.332506	-52.25345596666465
588.5879433962265	0.400402	4.332803333333333	-52.32329262895414
590.5589504132232	0.4002757142857142	4.333164285714286	-52.40497542788169
592.5308421052632	0.4001516666666666	4.333501666666667	-52.4537480177265
594.3436893203884	0.40002	4.333794	-52.50016474691672
596.0747575757576	0.39993	4.334126666666666	-52.56260990329783
597.8473469387756	0.3998166666666667	4.334496	-52.60236992471022
599.6199900990099	0.399695	4.334815	-52.65370822029931
601.4083870967743	0.399598	4.335168333333333	-52.71787168805067
603.1798514851486	0.399475	4.335665000000001	-52.7504338367427
605.1817301587301	0.3993314285714286	4.335893333333334	-52.79529993853349
607.1816176470588	0.399186	4.336238333333333	-52.8602422359826
608.9331224489797	0.399075	4.336658333333333	-52.91299675120626
610.6778415841584	0.3989033333333334	4.337035999999999	-53.01686469466718
612.4532156862746	0.398812	4.337423333333334	-53.04613490627972
614.1845436893204	0.39866	4.337888	-53.07957162328714
616.1697596899224	0.3985042857142857	4.338364285714285	-53.15908875552627
618.1712058823529	0.398348	4.338925	-53.23676780516438
619.9284339622642	0.39824	4.339481666666667	-53.31275351023534
621.7206346153847	0.3980916666666667	4.339986000000001	-53.43266387140321
623.4978380952381	0.397942	4.340471666666667	-53.4905119951654
625.2611122448981	0.39783	4.34099	-53.56639887218984
626.967705263158	0.3976833333333333	4.341442	-53.6104272459517
628.9143116883118	0.397525	4.341933333333333	-53.65353697524517
630.6599285714285	0.3973575	4.3424925	-53.6652645795505
632.6898717948719	0.39721	4.34298	-53.73783377888886
634.4324761904762	0.3970614285714286	4.343540000000001	-53.79039806989045
636.2901515151516	0.396896	4.344096	-53.86096815554183
638.1781276595746	0.396778	4.344604	-53.95068534145921
639.8465151515152	0.3966433333333333	4.345076666666666	-54.01972410982111
641.7915703125001	0.3964757142857143	4.345655714285714	-54.10656742274443
643.7721568627451	0.39632	4.346166	-54.20783583988776
645.5287692307694	0.3961983333333334	4.34666	-54.24855026839063
647.2626226415096	0.396044	4.347148	-54.29067656916691
649.0400202020203	0.3958766666666667	4.347663333333333	-54.37691480287556
650.8130485436894	0.3957166666666667	4.348216	-54.44142270119569
652.6001372549021	0.395592	4.348751666666667	-54.51497900148983
654.611192	0.3954314285714285	4.349347142857143	-54.5786419120522
656.555142857143	0.3952416666666667	4.349955	-54.67370976269066
658.3438453608247	0.3950883333333333	4.3505	-54.72050677747956
660.1224300000001	0.394954	4.351063333333333	-54.79992058581922
661.8727264150945	0.3947866666666667	4.351624	-54.89194050277681
663.6136990291262	0.3946539999999999	4.352216666666666	-54.97919350265289
665.5858091603054	0.3944885714285714	4.352868571428571	-55.0312437729824
667.5436857142856	0.3943	4.353533333333333	-55.07630672083604
669.3352038834952	0.3941333333333333	4.354092000000001	-55.16221493201367
671.091142857143	0.393984	4.354696666666666	-55.26354357022143
672.8467812500002	0.3938133333333333	4.355298	-55.32405001402056
674.6367254901962	0.393666	4.355843333333333	-55.41537307645429
676.5958225806452	0.3934914285714285	4.356537142857143	-55.52924665860632
678.578201923077	0.3933099999999999	4.357246666666667	-55.577805901225
680.354785046729	0.3931116666666667	4.357882	-55.65811940319509
682.1549708737865	0.392944	4.358503333333333	-55.71203308432423
683.8926571428572	0.39278	4.359231666666666	-55.81152846044892
685.6362019230769	0.39262	4.35991	-55.88957103175116
687.4240093457945	0.3924383333333333	4.360566666666667	-55.96337993158108
689.4038750000002	0.3922685714285715	4.361347142857143	-56.08312279433889
691.3940882352941	0.3920383333333333	4.362088	-56.15221185867868
693.1574444444445	0.3919	4.362736666666667	-56.24742204107505
694.9026568627452	0.3917	4.363513333333333	-56.32200371009269
696.7206601941749	0.391525	4.364178	-56.42369694144092
698.4688349514564	0.391374	4.36488	-56.49219353401049
700.2410588235294	0.3912083333333333	4.365653333333333	-56.58220450696015
702.1914758064516	0.3909914285714285	4.366457142857142	-56.64987438664622
704.1836078431373	0.390808	4.36718	-56.70939368198116
705.9215185185186	0.3906316666666667	4.367913333333333	-56.80522668019834
707.6843877551021	0.390435	4.368656666666666	-56.87955495386316
709.4452596153847	0.390274	4.369412000000001	-56.95793057860311
711.1964615384616	0.3900833333333333	4.370116666666666	-57.0337797793783
713.1808931297711	0.3898914285714286	4.370975714285714	-57.13699840973231
715.1636764705883	0.389712	4.371761999999999	-57.25772616501796
716.9378834951457	0.389555	4.372421666666667	-57.31385424239659
718.7185346534656	0.3893666666666666	4.373164	-57.37973462087267
720.4587821782179	0.389204	4.373883333333333	-57.48752448228822
722.2375145631069	0.3890183333333334	4.374658333333334	-57.55079419761547
724.03368	0.38885	4.375334	-57.64024944327363
725.9761209677421	0.3886533333333334	4.376052857142857	-57.73823251543738
727.931774509804	0.388445	4.37686	-57.80006158209035
729.7025816326532	0.3883016666666667	4.377567999999999	-57.86369057564048
731.4693163265308	0.388124	4.378195	-57.94247484121107
733.2106407766992	0.3879533333333333	4.378892	-58.02103710137504
735.1958560606062	0.3877157142857143	4.3797325	-58.09605853209349
737.1668316831684	0.3875016666666666	4.380566	-58.21282325304866
738.9302500000001	0.387314	4.381253333333333	-58.29363832699837
740.6959504950495	0.3871533333333333	4.38198	-58.38792029507863
742.46965	0.386962	4.382738333333333	-58.48221934533197
744.2359175257733	0.38678	4.383484	-58.57037582096243
745.9940673076925	0.3865816666666667	4.384238333333333	-58.66208475710594
747.9788159999999	0.3863414285714286	4.385171428571428	-58.72518167889839
749.8943164556963	0.386122	4.386111666666666	-58.81418792032228
751.8651030927837	0.38592	4.386936	-58.93608676304248
753.7304657534248	0.385762	4.38772	-59.03251546764277
755.2544	0.3855633333333333	4.38844	-59.14141780454241
757.3063763440862	0.38537	4.389296	-59.24025373482408
759.0658144329899	0.385175	4.390099999999999	-59.32619784755433
760.7907551020409	0.3849266666666666	4.390961666666667	-59.4177172753221
762.6075757575759	0.384738	4.391836000000001	-59.52259772931103
764.3803557692308	0.3845033333333333	4.392645	-59.5698096156882
766.09212	0.38432	4.393528	-59.67458912002829
768.1167692307693	0.38407	4.394412857142857	-59.79925917492836
770.1159433962266	0.383856	4.395355	-59.87308929379387
771.8436831683169	0.3836766666666667	4.396231666666667	-59.956141103817
773.616304761905	0.383466	4.397014	-60.04542352424465
775.3927830188679	0.383255	4.397810000000001	-60.11815309122564
777.1676792452832	0.3830516666666667	4.398681666666667	-60.2089592652592
779.1322761194032	0.3828257142857143	4.399574285714286	-60.33437458483866
781.106572815534	0.382594	4.400536	-60.42369886889328
782.9053302752294	0.382375	4.401376666666667	-60.51585958707288
784.6801333333334	0.382164	4.402232	-60.62613811541651
786.430843137255	0.38198	4.403123333333333	-60.73559300872026
788.1707692307693	0.3817516666666667	4.403983999999999	-60.83486314629198
789.9404000000002	0.381552	4.404873333333333	-60.91029384892691
791.9141212121214	0.38133	4.40589	-60.99741726940573
793.8871300000001	0.3810883333333333	4.406911666666667	-61.06317256904007
795.6719433962264	0.380896	4.407786	-61.18003873381847
797.43166	0.3807033333333333	4.408668333333333	-61.29220796597973
799.2096568627452	0.38048	4.409605000000001	-61.40325150111577
800.9481089108912	0.380268	4.410458	-61.50240419323261
802.9470314960631	0.3800714285714286	4.411452857142857	-61.5426614727976
804.9305904761906	0.3797866666666667	4.412466666666667	-61.61642859019886
806.70042	0.379576	4.413463999999999	-61.7609021793747
808.4579126213594	0.3793666666666667	4.414403333333333	-61.8840278482011
810.224403846154	0.3791266666666667	4.415458333333333	-61.97005918803031
811.9814857142858	0.378936	4.416368	-62.06853753646678
813.7511153846154	0.3787316666666667	4.417348333333334	-62.19732062003088
815.6919531250001	0.3784685714285714	4.418495714285714	-62.27813124148713
817.6923009708739	0.378224	4.419548	-62.32585065226167
819.4259509803921	0.3779683333333334	4.420511666666666	-62.44310739740849
821.215403846154	0.3777366666666667	4.42146	-62.56103882633955
822.9603434343435	0.377498	4.422438333333334	-62.68552059774051
824.7828811881189	0.3773016666666667	4.42359	-62.81615179533053
826.7136046511629	0.3770528571428571	4.424795714285714	-62.925434699531
828.7402666666668	0.3767983333333333	4.425888	-63.0217539352435
830.4984326923078	0.37657	4.42689	-63.09548983487206
832.2620925925927	0.3763533333333334	4.428031666666667	-63.17885457243035
834.0221538461541	0.37612	4.429044	-63.30247378995833
835.7434528301889	0.37591	4.430071666666667	-63.42828844021609
837.7045634920636	0.3756571428571429	4.431305714285714	-63.54499228229206
839.7133333333335	0.3754133333333333	4.432482	-63.65256382404569
841.4710566037737	0.375214	4.433506666666666	-63.75086646217814
843.2174509803923	0.3749866666666667	4.43458	-63.84934615142163
844.9772358490568	0.374786	4.435606	-63.94436651756278
846.7567407407407	0.3745516666666667	4.436625	-64.02620305704298
848.542475247525	0.3743166666666667	4.437626	-64.09804777819944
850.5211129032259	0.3740528571428572	4.438714285714286	-64.2016677888994
852.4920404040405	0.373804	4.43989	-64.34129677858525
854.2204761904763	0.373575	4.441016666666667	-64.4264361433011
855.9898190476192	0.373344	4.442066	-64.55056331718262
857.7421844660196	0.3731183333333333	4.443146666666667	-64.67075229341029
859.7206076923078	0.3728528571428572	4.444454285714285	-64.7916664333474
861.6874329896907	0.37257	4.445652	-64.88669044612656
863.4381960784315	0.372342	4.446786666666667	-64.9590501157777
865.2118613861387	0.37209	4.447946666666666	-65.07652984257571
866.9630943396227	0.371832	4.449016	-65.20364135340927
868.761932038835	0.3715766666666666	4.450121666666667	-65.32208332637492
870.5049300000001	0.371354	4.45125	-65.45880589303704
872.4757846153847	0.3710825	4.452511428571429	-65.5931444160512
874.4701000000002	0.370806	4.453845	-65.73123459053674
876.2145238095239	0.3705716666666667	4.455061666666667	-65.81411420272012
877.9793653846154	0.370332	4.456162	-65.89958503914696
879.7358627450982	0.3701016666666667	4.457233333333333	-66.02239415008377
881.5137692307694	0.369874	4.458364	-66.10672000468421
883.489353846154	0.3696228571428571	4.459535714285714	-66.24766662537584
885.4718461538462	0.369325	4.460884999999999	-66.35128290142094
887.2324141414142	0.3690916666666667	4.462078333333333	-66.51277025999565
888.9832500000002	0.368864	4.463247999999999	-66.6375073078878
890.7317904761906	0.368625	4.464351666666666	-66.71912950841052
892.5071980198021	0.3684	4.465454	-66.81907220303069
894.5135230769232	0.3681557142857143	4.46664	-66.90618909323132
896.4674903846155	0.367895	4.467878333333333	-67.04049351201159
898.2431634615385	0.36763	4.46909	-67.14103706227806
900.0019411764707	0.367374	4.470268	-67.28059466618797
901.7452233009709	0.36713	4.471315	-67.39262774239295
903.5014900000001	0.366882	4.472452000000001	-67.48860168640637
905.4777829457366	0.3666114285714286	4.47359	-67.60281236919322
907.466924528302	0.3663183333333333	4.474891666666667	-67.76168917685095
909.2421200000001	0.3660883333333333	4.47611	-67.89976351246665
910.9729126213593	0.365822	4.4772	-67.97865587849148
912.7690462962964	0.3656016666666667	4.478275	-68.07604797593876
914.5335566037737	0.3653366666666666	4.479334	-68.17176811098901
916.2933904761906	0.365084	4.480441666666668	-68.29462538487326
918.2912031250002	0.36482	4.481694285714286	-68.44119233467001
920.2602884615386	0.3645066666666666	4.482981666666666	-68.58774864928323
921.9982450980393	0.364246	4.484084	-68.70481163846169
923.7612551020411	0.363965	4.48526	-68.84777528123715
925.5365370370371	0.36365	4.486397999999999	-69.02372719356377
927.2974134615387	0.363346	4.487656666666666	-69.17592216085501
929.2795859375001	0.36302	4.489135714285714	-69.3033390346355
931.2658571428573	0.3627033333333333	4.490643333333334	-69.48751286205501
933.032117647059	0.362432	4.491924	-69.64204874185955
934.8228627450981	0.3621366666666667	4.493225	-69.76795274220999
936.5757326732676	0.3618933333333333	4.494517999999999	-69.88790981768146
938.3482330097088	0.361584	4.495723333333333	-69.98349752692691
940.0721881188121	0.3613233333333333	4.497002	-70.10290234302785
942.0834400000001	0.3610071428571429	4.498349999999999	-70.23890710561854
944.0460476190477	0.360685	4.499823333333334	-70.43465571827679
945.8346000000001	0.360418	4.501158333333334	-70.57709221721659
947.5774653465348	0.360155	4.502342	-70.67323083106419
949.3407047619048	0.359888	4.503448333333334	-70.80976485963244
951.1387714285717	0.3596266666666667	4.504701666666667	-70.9806296038639
952.9401960784314	0.3593383333333334	4.505834	-71.11088899986002
954.9202845528456	0.3590114285714286	4.507137142857143	-71.25951723970007
956.86887	0.3586466666666667	4.50851	-71.41166239092684
958.670157894737	0.358386	4.509698	-71.57073171276556
960.4301276595746	0.3580966666666667	4.510863333333333	-71.71242535838317
962.2208404255321	0.357806	4.512086	-71.84128080611116
963.9647368421053	0.3575066666666667	4.513301666666667	-71.9921003453686
965.7823473684211	0.3571733333333333	4.514641666666667	-72.15976377469448
967.5615148514853	0.35689	4.515954	-72.2978067290167
969.5743454545456	0.3565442857142858	4.51737	-72.44250423817667
971.5806279069769	0.3561916666666667	4.51893	-72.63718579343251
973.3034545454547	0.355885	4.520186	-72.77848966555206
975.1083263157896	0.355604	4.521458333333333	-72.93685475183324
976.9242500000001	0.355335	4.522835	-73.0570094944413
978.6711546391754	0.355005	4.524074	-73.13789773809376
980.4364800000001	0.354732	4.525315	-73.26869659251165
982.2439900000002	0.3544633333333334	4.52662	-73.40139058095514
984.1769758064517	0.3541742857142857	4.52808	-73.53401058010505
986.1725673076925	0.353856	4.529366	-73.66652370922162
987.922891089109	0.35356	4.530565	-73.83624077082945
989.7071456310681	0.3532266666666666	4.531844	-73.9932914862882
991.4700388349517	0.352952	4.53312	-74.14278010291585
993.2316509433964	0.3526616666666667	4.534548333333333	-74.30923060159685
995.1703200000001	0.3523014285714286	4.536105714285715	-74.45981033068448
997.1548252427185	0.351978	4.537508000000001	-74.62834476770877
998.9136530612245	0.35171	4.538848333333334	-74.77436628173874
1000.685242990654	0.3513583333333333	4.540216000000001	-74.91295995938597
1002.463918367347	0.351062	4.541575	-75.05863846895754
1004.223252427185	0.350785	4.543025	-75.19290599579656
1006.196092307692	0.3504071428571429	4.544519999999999	-75.35571817634288
1008.163096153846	0.3500633333333333	4.545896	-75.50656263728777
1009.94045631068	0.349756	4.547253333333333	-75.6581010619511
1011.690174757282	0.349455	4.548552	-75.82107159597514
1013.443414141414	0.349114	4.549871666666666	-75.96457160308012
1015.216673267327	0.3488383333333334	4.551345	-76.10391901621462
1016.975224489796	0.3484716666666667	4.552700000000001	-76.25262239463029
1018.969710743802	0.3481542857142857	4.554168571428571	-76.43841126367911
1020.982623655914	0.347824	4.555781666666666	-76.60701816412048
1022.725463157895	0.3475183333333334	4.557134	-76.72257701197736
1024.485888888889	0.347185	4.558523333333333	-76.86089686957976
1026.28288172043	0.34691	4.559975000000001	-77.01983278037984
1028.041670212766	0.346625	4.561356	-77.18866646120523
1029.849649484536	0.346338	4.562726666666666	-77.36812221811479
1031.827048780488	0.3459914285714286	4.564354285714286	-77.50178607125056
1033.732308510638	0.34563	4.56582	-77.65663684573722
1035.566389473684	0.3453266666666667	4.56724	-77.78933276828505
1037.31390625	0.34504	4.568781666666667	-77.90656865418163
1039.056234693878	0.3447133333333334	4.570152	-78.06909762183179
1040.834670103093	0.3444119999999999	4.571563333333334	-78.28095929028461
1042.630336538461	0.344115	4.573043999999999	-78.41428367532841
1044.592464566929	0.3437785714285714	4.57464142857143	-78.57798726106785
1046.607041666667	0.3434466666666667	4.576309999999999	-78.76568357458038
1048.372822916667	0.343126	4.577873333333334	-78.89179367585567
1050.12898	0.3428333333333333	4.579296	-79.00062497892787
1051.8746	0.342522	4.580656666666666	-79.12725968111297
1053.65793877551	0.34222	4.582038	-79.28112187694728
1055.607276422764	0.3418542857142857	4.583652857142857	-79.46745611185166
1057.600504854369	0.341544	4.585348333333333	-79.62734815685114
1059.357867346939	0.3412416666666667	4.586918333333333	-79.802596267577
1061.120663157895	0.340926	4.588442000000001	-79.97425418045684
1062.873872549019	0.34063	4.589901666666667	-80.15747022165405
1064.624776699029	0.3402966666666666	4.5914	-80.29584280327076
1066.6015	0.3399357142857143	4.5931325	-80.45942495739753
1068.596810526316	0.339596	4.594858	-80.61806870964854
1070.399183673469	0.3392966666666667	4.596311666666666	-80.77692164557934
1072.161729166666	0.3389733333333333	4.597898000000001	-80.92034036763582
1073.963901098901	0.338664	4.599385	-81.09532839184038
1075.695029126214	0.33834	4.601066666666667	-81.25944087024861
1077.534760869565	0.338032	4.602603999999999	-81.41267427419419
1079.271927083333	0.3377233333333333	4.604181666666666	-81.58088661110774
1081.235837398374	0.3373957142857143	4.605982857142857	-81.73807915489913
1083.274422680412	0.337048	4.607638	-81.86644636944514
1085.07744	0.3367433333333333	4.609205	-82.02053241624509
1086.843684210526	0.3364216666666667	4.61086	-82.19716853193341
1088.574262626262	0.336122	4.612352	-82.37086598526633
1090.341088235294	0.3358183333333333	4.613836666666667	-82.49417638820148
1092.130207920792	0.3354883333333333	4.615326	-82.63562986752157
1093.914274725274	0.335184	4.616891666666666	-82.78029658552254
1095.906338983051	0.3348571428571429	4.618674285714286	-82.98958761709419
1097.893862385321	0.3345	4.620486666666667	-83.18609646683464
1099.631215686274	0.334202	4.621993999999999	-83.33626299335789
1101.456886792452	0.3338866666666667	4.623511666666666	-83.47424070410179
1103.176772277228	0.3335533333333333	4.62519	-83.65176788458531
1104.968990384615	0.333284	4.62664	-83.77361233664891
1106.737796116505	0.3329733333333333	4.628193333333333	-83.91302016437186
1108.699184	0.3326214285714286	4.629974285714286	-84.07200386798951
1110.671820754717	0.332302	4.631682000000001	-84.26450585063141
1112.418745098039	0.332	4.633155	-84.42595707955958
1114.172578431372	0.3316616666666667	4.634658	-84.59728330067392
1115.925616161616	0.331346	4.636121666666667	-84.75131386362202
1117.671495049505	0.3310283333333334	4.637761666666667	-84.8974947391718
1119.645992248062	0.3306585714285715	4.63947	-85.09789473825661
1121.631980392157	0.33032	4.641144	-85.28879281083042
1123.40467961165	0.3300166666666667	4.642706666666666	-85.41690893849329
1125.162608247423	0.3296466666666666	4.644194000000001	-85.59220989710886
1126.966097087379	0.329348	4.645765	-85.76274927310467
1128.67807	0.329035	4.647455	-85.93519895700197
1130.6711953125	0.3286328571428571	4.649328571428572	-86.11890872634589
1132.679252427184	0.328304	4.651064	-86.32761939725799
1134.433574257426	0.3279733333333333	4.652658333333333	-86.49517176812716
1136.226653846154	0.327654	4.654193999999999	-86.64009689020571
1137.95102970297	0.327325	4.655741666666666	-86.76997360501491
1139.707544554455	0.32697	4.657406666666667	-86.91340350395095
1141.499082568807	0.326666	4.658876	-87.09879590092692
1143.48259375	0.3263571428571428	4.660581428571429	-87.28254766784735
1145.466320754717	0.326005	4.662385	-87.50352965297753
1147.20369	0.325692	4.663916	-87.66145382786394
1148.983235294118	0.3253933333333333	4.665471666666667	-87.83188590717216
1150.747230769231	0.3250316666666667	4.667161666666666	-87.9777046839374
1152.513446601942	0.324738	4.668672000000001	-88.1475555524773
1154.524120967742	0.3243528571428572	4.670391428571429	-88.31662884506302
1156.47237254902	0.32398	4.672255000000001	-88.50181926397688
1158.2193	0.323626	4.673877999999999	-88.72200086629485
1160.0045	0.3233116666666667	4.675528333333333	-88.92964096714761
1161.790366972477	0.3229783333333333	4.677315	-89.07295851776081
1163.536555555555	0.322638	4.678914	-89.24369729963345
1165.291767676768	0.3223183333333334	4.68051	-89.40653721169512
1167.271890625	0.3219557142857143	4.682371428571428	-89.62422175927165
1169.325	0.3215516666666666	4.684144000000001	-89.82592449282031
1171.089811881188	0.321262	4.68573	-89.98266830061428
1172.826078431373	0.32096	4.6875	-90.1664209806068
1174.59839	0.320654	4.6891	-90.30675239157992
1176.393272727273	0.3203583333333334	4.69071	-90.49328607568647
1178.105659574468	0.3199916666666667	4.692466666666666	-90.68382755929963
1179.9364	0.31969	4.694042	-90.83662367102566
1181.910515384615	0.3193457142857142	4.695841428571429	-91.01154123996027
1183.940101010101	0.3189583333333333	4.697793333333333	-91.22815054999418
1185.671959183673	0.3186283333333333	4.69935	-91.36188170588069
1187.446057142857	0.31832	4.700921666666667	-91.52045062695069
1189.244117647059	0.318005	4.70264	-91.70637891987563
1190.990518867924	0.3176516666666667	4.704152	-91.85980346024658
1192.789080808081	0.31736	4.705706666666667	-92.01014906941785
1194.774984126984	0.3170314285714286	4.70751	-92.18800851003323
1196.743398058252	0.316685	4.709363333333333	-92.4199930786417
1198.527009523809	0.3163483333333333	4.710916000000001	-92.57428690159449
1200.286018691589	0.316042	4.712455	-92.75498474047963
1202.05119	0.3157416666666666	4.714115	-92.93503192579351
1203.8365	0.315406	4.715754	-93.12447590933004
1205.606216981132	0.31511	4.717288333333333	-93.27700383406537
1207.589081967213	0.3147414285714286	4.719142857142857	-93.45668052356139
1209.552647058824	0.314392	4.720836	-93.5978940648772
1211.300784313725	0.3140683333333333	4.722345	-93.75229530186556
1213.08869	0.313735	4.723951666666666	-93.99675805728195
1214.854245098039	0.313422	4.725516000000001	-94.19766090351843
1216.601656862745	0.3130866666666667	4.727051666666667	-94.41594297661227
1218.584232558139	0.3127128571428571	4.728947142857143	-94.59944060667333
1220.534058252427	0.31237	4.730666	-94.79869251950238
1222.315785046729	0.3120533333333333	4.732256666666666	-94.9821612723714
1224.081365384615	0.31168	4.733886	-95.14597483431173
1225.8684375	0.31136	4.735556666666667	-95.32907021768895
1227.600950495049	0.31103	4.737393333333333	-95.50784822412146
1229.557348837209	0.3106571428571429	4.739392857142858	-95.74976300927244
1231.550611650485	0.310298	4.741236	-95.93581120441323
1233.30137735849	0.3099466666666666	4.742915	-96.09695522384466
1235.0825	0.3096166666666667	4.744736666666667	-96.29713986319435
1236.868039215686	0.30928	4.746468	-96.48037435275688
1238.595680851064	0.30896	4.748184999999999	-96.65917744148244
1240.401431372549	0.308625	4.749916	-96.8303873250242
1241.75276	0.3083733333333333	4.751284999999999	-96.9446929374308
1244.282606060606	0.307864	4.753857999999999	-97.1552144835037
1248.347604166667	0.30719	4.757485	-97.63407432899768
1249.194388888889	0.306966	4.7584975	-97.71622544280979
1251.497416666667	0.30659	4.7605	-97.94515677876696
1253.265219780219	0.306308	4.762098000000001	-98.08099899257361
1255.11714516129	0.3060016666666667	4.763763333333333	-98.30728630021649
1256.999480769231	0.3056266666666667	4.765616666666666	-98.51017999616082
1258.744184466019	0.3052583333333334	4.767383333333333	-98.680153382394
1260.51839047619	0.30498	4.769058	-98.86699091219468
1262.510238095238	0.3045971428571428	4.770915714285715	-99.09410483326242
1264.517663461538	0.3042183333333334	4.772975	-99.28586478174248
1266.254631067961	0.303864	4.774704	-99.45911071666904
1268.033176470588	0.3035466666666667	4.776496666666667	-99.67323332192839
1269.815823529412	0.3031966666666667	4.778446666666667	-99.85718605774338
1271.546811881188	0.302894	4.780198	-100.0815748467874
1273.311676470588	0.3025416666666667	4.781936666666668	-100.264398192243
1275.322620155039	0.3021771428571429	4.784055714285715	-100.4894782594449
1277.29635	0.3017866666666666	4.786165	-100.699364169446
1279.041421568627	0.301472	4.787986	-100.8802748724505
1280.846485148515	0.3011416666666667	4.789763333333334	-101.0560288434194
1282.60261	0.300802	4.791602	-101.2593179927408
1284.400072164948	0.3004633333333334	4.793455	-101.4834685660959
1286.172572815534	0.300115	4.795509999999999	-101.6775036631137
1288.140688	0.2997085714285714	4.797668571428571	-101.9093581611968
1290.132970873786	0.299322	4.799668	-102.1354742320542
1291.875099009901	0.299005	4.801561666666666	-102.3117708317525
1293.70041	0.2986633333333333	4.803448	-102.4988585963521
1295.435480769231	0.298304	4.805245	-102.6927078393316
1297.171805825242	0.297955	4.807336666666667	-102.9167976192939
1298.970028571428	0.2975866666666667	4.809152	-103.1494008131869
1300.9583125	0.2971657142857143	4.811184285714287	-103.4025087379043
1302.948048543689	0.29681	4.813316666666667	-103.6081674321364
1304.693669902913	0.29645	4.815351666666666	-103.81576222832
1306.49181	0.29613	4.817222	-104.025385859594
1308.239068627451	0.2957716666666667	4.819148333333334	-104.2552792592003
1309.981307692308	0.2954216666666666	4.821086	-104.4649145736065
1312.005263565891	0.2950171428571428	4.823202857142856	-104.6603692907226
1313.970932692308	0.294632	4.825443333333333	-104.8886455859396
1315.771932038835	0.2942816666666667	4.827578333333333	-105.1306938268822
1317.495038095238	0.29392	4.829529999999999	-105.3273579516392
1319.286603960396	0.293574	4.831424999999999	-105.5176576294253
1321.025495327103	0.29323	4.833410000000001	-105.6829592962591
1322.810489583333	0.29286	4.835355	-105.8934025457586
1324.752412698413	0.2924714285714286	4.837668571428571	-106.1197042992177
1326.750224299065	0.292025	4.839935000000001	-106.4130022902945
1328.481524752475	0.2916516666666667	4.841958	-106.6674571265559
1330.243234693878	0.2913	4.844003333333333	-106.8505185434958
1332.030882352941	0.290935	4.846265	-107.0610565793757
1333.768950980392	0.290612	4.848242	-107.2229609559328
1335.806774193548	0.29019	4.850404285714285	-107.4414303824744
1337.735114583333	0.2897416666666667	4.852805	-107.7193966017341
1339.518542857143	0.2893716666666666	4.854827999999999	-107.9278022460229
1341.268925233645	0.2890280000000001	4.856818333333334	-108.1237885280892
1343.047292929293	0.28867	4.858796	-108.3444300904361
1344.811375	0.288308	4.860786666666667	-108.581126875799
1346.747944444444	0.2879214285714286	4.86315	-108.8871505778248
1348.736893203883	0.2875166666666667	4.865573333333334	-109.1035927753747
1350.525106796116	0.2871183333333333	4.867603999999999	-109.3247864539216
1352.284834951456	0.286792	4.869585	-109.5605777309859
1354.024460784314	0.2864116666666667	4.871765	-109.7858064745331
1355.83102	0.286074	4.873778	-109.9534019673409
1357.55201010101	0.28573	4.875833333333333	-110.170960308349
1359.541953488372	0.2852585714285714	4.878225714285714	-110.4387345101137
1361.583795918367	0.2848283333333333	4.880458	-110.6667682857569
1363.29869	0.284458	4.882493333333334	-110.8978484994948
1365.09759	0.2840833333333333	4.884790000000001	-111.0952212328463
1366.842575757576	0.2836733333333334	4.886774	-111.2710376910551
1368.591	0.283324	4.888751666666667	-111.5361214717948
1370.37322	0.28301	4.890762	-111.7528837165394
1372.3468515625	0.2826285714285714	4.892998571428571	-111.9717316197606
1374.34893877551	0.282234	4.895335	-112.1907335593656
1376.088689320388	0.2819066666666667	4.897483333333334	-112.3902026574299
1377.889265306122	0.2815533333333333	4.899478	-112.6322209549019
1379.633907407407	0.281204	4.901441666666667	-112.8481884208057
1381.3788	0.2808433333333333	4.90348	-113.0942551226513
1383.382515151515	0.28044	4.905698571428571	-113.3810601976748
1385.353388349515	0.28001	4.908123333333334	-113.5964568498324
1387.137711538461	0.279664	4.910324999999999	-113.8516404059053
1388.901247524753	0.2792966666666666	4.9124	-114.1257385148177
1390.663556603773	0.278894	4.914506666666667	-114.3588908765497
1392.400219047619	0.2785216666666667	4.916658	-114.5895890914693
1394.382380952381	0.2780742857142857	4.919011428571428	-114.8942608446918
1396.325365384615	0.2776633333333333	4.921578333333334	-115.1999703321287
1398.07182	0.277272	4.924021666666667	-115.4079303407669
1399.868563106796	0.2768816666666666	4.926273999999999	-115.6706973707261
1401.619733333333	0.276504	4.928468333333333	-115.8820911769783
1403.422269230769	0.27615	4.93083	-116.1318771763247
1405.173831683168	0.275695	4.93299	-116.3771812576167
1407.193475806451	0.2752414285714286	4.935342857142857	-116.6235948946428
1409.19057	0.274818	4.93791	-116.8752238619645
1410.929188679245	0.2744183333333334	4.940346666666667	-117.1441363258809
1412.681125	0.2740083333333333	4.942582	-117.3738630700617
1414.430673076923	0.273652	4.944776666666666	-117.565224830542
1416.191421568627	0.27326	4.946942	-117.8076688274907
1418.13647761194	0.2728200000000001	4.94939	-118.1092105717834
1420.167382352941	0.272398	4.952013333333332	-118.3594112039229
1421.92270754717	0.272	4.954246	-118.6597988974021
1423.668171717172	0.2716	4.956536666666667	-118.9165817970362
1425.444247524752	0.271208	4.959018333333334	-119.1712957645801
1427.19557	0.2708116666666667	4.96131	-119.4269017463065
1429.16603076923	0.2702971428571428	4.963984285714286	-119.7548848712473
1431.160271028037	0.2698179999999999	4.966863333333333	-120.0764171523082
1432.93916	0.2693966666666667	4.969555	-120.3516399163899
1434.677221153846	0.268988	4.972054	-120.5958895111077
1436.416403846154	0.2685433333333333	4.974469999999999	-120.859143107992
1438.210305555556	0.268115	4.97691	-121.1046558799653
1439.955747474747	0.26768	4.97932	-121.4099429930121
1441.940912698413	0.2672671428571429	4.982162857142858	-121.7056141234817
1443.919276190476	0.2667666666666667	4.98509	-121.9889427463453
1445.699759615384	0.2663183333333333	4.987492	-122.2670039891855
1447.448166666667	0.26591	4.98991	-122.5547546328124
1449.202752475248	0.2655	4.99235	-122.922979333499
1451.005450980392	0.265096	4.994835	-123.195399308557
1452.764485148515	0.2646866666666667	4.99755	-123.4363324331849
1454.757796747967	0.2642014285714286	5.000435714285714	-123.6423210204785
1456.74840776699	0.263752	5.003030000000001	-123.9445878776058
1458.520673267326	0.2633416666666667	5.005466666666667	-124.2661511820705
1460.278766990291	0.2628983333333333	5.008118333333333	-124.540278009286
1462.031030612245	0.262476	5.010598	-124.81589682339
1463.80461	0.2620233333333333	5.013108333333333	-125.0991771056551
1465.577128712871	0.2615433333333333	5.015918333333333	-125.3691134306437
1467.586307086614	0.2610271428571428	5.018888571428572	-125.7130686576576
1469.562608247423	0.260554	5.021666000000001	-126.1029393356396
1471.329745098039	0.2601116666666666	5.024296666666666	-126.4111448895467
1473.101192307692	0.259682	5.02691	-126.6810298156143
1474.845653846154	0.25922	5.029500000000001	-126.9735858944965
1476.587568627451	0.2587483333333333	5.03245	-127.301334347654
1478.613924242424	0.2581942857142857	5.035638571428571	-127.6261704629014
1480.556396226415	0.25769	5.03856	-127.924820227019
1482.327628571428	0.25725	5.041374999999999	-128.2599396548148
1484.079095238095	0.256725	5.044160000000001	-128.6075693302826
1485.826553398058	0.2562699999999999	5.046971666666667	-128.9650175009967
1487.617875	0.2558133333333333	5.050026666666667	-129.2894671726277
1489.573846153846	0.2552642857142857	5.053364285714286	-129.6424240376588
1491.59244	0.254746	5.056496	-130.0260570523513
1493.352941747573	0.2542666666666666	5.059306666666666	-130.334393738587
1495.090752475247	0.253842	5.062056	-130.6212149585533
1496.857889908257	0.25333	5.064815	-130.9658840165178
1498.581373737374	0.252825	5.067652	-131.3708772240602
1500.59759375	0.2522628571428572	5.0711	-131.7786452666329
1502.55499047619	0.251742	5.074520000000001	-132.1523656840062
1504.331148514851	0.25124	5.077481666666666	-132.4944917261673
1506.098398058252	0.25073	5.080488	-132.8647804362075
1507.835636363636	0.25022	5.083513333333332	-133.2480498142605
1509.62479047619	0.2496616666666667	5.086896666666667	-133.6380438886703
1511.356181818182	0.249098	5.090054	-134.0441844079717
1513.368028985507	0.2485471428571429	5.093669999999999	-134.5799265017044
1515.35869	0.247895	5.097618333333333	-134.9880547732375
1517.098698113207	0.247315	5.100951999999999	-135.3448947590765
1518.860908163265	0.246752	5.104371666666666	-135.7461011323361
1520.661164948453	0.2461983333333334	5.108028333333333	-136.1009022462605
1522.392142857143	0.245634	5.111502	-136.5498626450083
1524.176905263158	0.2450516666666667	5.11502	-137.0340480737577
1526.156058333333	0.2443785714285714	5.119288571428572	-137.5675923687439
1528.115892156863	0.24365	5.123268	-138.085957631309
1529.872234693878	0.243072	5.126978333333333	-138.5654419197469
1531.701646464646	0.2424333333333334	5.131085000000001	-139.0247118022871
1533.438877551021	0.241842	5.134848	-139.5039592513103
1535.203367924528	0.241225	5.138735	-140.0075370251203
1536.985056603774	0.2405316666666667	5.142935	-140.540134642365
1538.982744186046	0.2398071428571429	5.147668571428571	-141.1678316886918
1540.980373831776	0.23911	5.152104	-141.7755790898848
1542.744481132075	0.23845	5.156221666666666	-142.2953645935595
1544.483723809524	0.2377266666666667	5.160424000000001	-142.815586610902
1546.259010752688	0.23704	5.164666666666666	-143.3806804844571
1548.038761904762	0.23635	5.169426666666666	-143.9144513935889
1550.003007874016	0.2355557142857143	5.174471428571429	-144.5681197465646
1552.013605769231	0.23479	5.179264000000001	-145.2646007808429
1553.826463917526	0.2340883333333333	5.18379	-145.9207961421312
1555.564161616162	0.2333	5.188765000000001	-146.5393721659295
1557.317554455445	0.23258	5.1935	-147.183500262853
1559.090989795918	0.2318233333333334	5.198261666666666	-147.8070013248079
1560.883161616161	0.2309883333333333	5.203174	-148.4589419898389
1562.658268041237	0.230216	5.20806	-149.1747439025274
1564.595157480315	0.2293928571428571	5.213992857142857	-149.9846958707469
1566.598505154639	0.2284283333333333	5.219566	-150.6970754778492
1568.320168316831	0.227626	5.224743333333334	-151.4607419309483
1570.095402173913	0.22682	5.230341666666667	-152.1788839731817
1571.874465346534	0.225982	5.235742	-152.8969823030967
1573.636616161616	0.2251316666666666	5.241106666666666	-153.5816830747012
1575.629268292683	0.2241357142857143	5.247634285714286	-154.4776955285855
1577.609752380952	0.22317	5.253667999999999	-155.4349390803569
1579.353405940594	0.222285	5.259325	-156.2789376018261
1581.117901960784	0.2212966666666667	5.265686666666666	-157.1222091550989
1582.90037254902	0.220352	5.271584	-157.9348080475005
1584.659549019608	0.219415	5.277643333333333	-158.8176246586107
1586.4579	0.218478	5.283799999999999	-159.7472356362277
1588.458023809524	0.2173871428571429	5.290772857142858	-160.8187903742156
1590.41602	0.2161916666666667	5.29836	-161.8376456084897
1592.190319587629	0.21507	5.304896	-162.698537512389
1593.947807692307	0.214056	5.311398333333334	-163.6962507765784
1595.75618	0.2130133333333334	5.318488333333334	-164.7138101523872
1597.490117647059	0.21196	5.325184	-165.6852688402155
1599.233423076923	0.210885	5.331958333333334	-166.7363293867302
1601.249176470588	0.2095957142857143	5.339972857142858	-167.8501984341503
1603.195950495049	0.208368	5.347444	-168.9540080986803
1604.966959595959	0.2072366666666667	5.354388333333333	-169.9518130873977
1606.747575757576	0.206025	5.362048333333333	-170.9357713930203
1608.529729166666	0.204888	5.368984	-171.9575355161964
1610.28681	0.2037183333333333	5.376191666666666	-172.986555604571
1612.084656862745	0.2024416666666667	5.383454	-173.8933673907644
1614.029366666666	0.201175	5.391234285714286	-174.8611887436931
1616.061959595959	0.1998866666666667	5.399758333333334	-175.7222205245114
1617.836443298969	0.1986233333333333	5.407488333333333	-176.5393943274331
1619.578358490566	0.197486	5.414764000000001	-177.3800523167847
1621.311685714285	0.1962633333333333	5.423221666666667	-178.2312375270104
1623.120453703704	0.1950233333333334	5.431967999999999	-179.0980665914665
1625.13044	0.1937516666666667	5.441517142857142	-179.9776716310821
1627.056666666666	0.19248	5.451718333333333	-180.7109812860429
1628.814925233645	0.1912333333333333	5.46092	-181.2412595302968
1630.567301886792	0.190092	5.469003999999999	-181.6679028870848
1632.385252427184	0.1889716666666667	5.476733333333333	-182.0518022445151
1634.129772727273	0.187918	5.48393	-182.3700971841395
1635.869009259259	0.186895	5.490745	-182.6141440659694
1637.815424	0.1857285714285714	5.498191428571428	-182.7711269716315
1639.865268041237	0.184625	5.505073333333334	-183.0173244852167
1641.623145833333	0.183692	5.510538	-183.2844738092575
1643.385326315789	0.18284	5.51561	-183.514755221767
1645.128563106796	0.181994	5.520251999999999	-183.7355095782563
1646.906811881188	0.181205	5.524514999999999	-183.9034935411791
1648.654141414141	0.1803916666666667	5.528414	-184.0317728327169
1650.655040650406	0.1796116666666667	5.532482857142857	-184.2110787887343
1652.646198198198	0.1788533333333333	5.53673	-184.3404090515947
1654.397217821782	0.1781483333333333	5.540366666666667	-184.4894648063021
1656.19385046729	0.177526	5.543428	-184.6576659793714
1657.932083333333	0.1769483333333333	5.546173333333333	-184.7596991845388
1659.702777777778	0.176335	5.54881	-184.8672039628106
1661.697458015267	0.1757228571428571	5.551317142857142	-184.9901841205609
1663.672252336448	0.175174	5.553781666666667	-185.1090110614817
1665.466504672897	0.1747083333333333	5.555911666666667	-185.2032450735407
1667.220861111111	0.17427	5.557688000000001	-185.315013727674
1668.966585585585	0.173845	5.559326666666666	-185.3721670566415
1670.757144230769	0.1734116666666667	5.560972	-185.5185906218194
1672.527857142857	0.17301	5.562456666666667	-185.5892276085424
1674.501437037037	0.17258125	5.564085714285715	-185.6886654676288
1676.517209523809	0.172168	5.565586666666666	-185.8209132235735
1678.306108910891	0.1718333333333333	5.5669	-185.8955015010419
1680.040536082474	0.171524	5.568235	-185.9622238542916
1681.781020833333	0.1712166666666667	5.569646666666667	-186.0155639076596
1683.579515463917	0.170905	5.57088	-186.112050050225
1685.340979591837	0.170634	5.572093333333334	-186.2162213833359
1687.132288461538	0.1703716666666667	5.573286	-186.2996667962783
1689.103253731343	0.1700628571428572	5.574548571428571	-186.3343424603787
1691.089891891892	0.16977	5.575658333333333	-186.3354002274629
1692.83213	0.16956	5.576633333333334	-186.4076283868115
1694.633058823529	0.169365	5.577444000000001	-186.4925113606063
1696.39662244898	0.1691483333333333	5.578208333333334	-186.5531059354769
1698.184595959596	0.168948	5.57901	-186.6511295244843
1699.961900990099	0.1687483333333333	5.579715999999999	-186.6505550334971
1701.958732758621	0.1685714285714286	5.580427142857143	-186.6674230327262
1703.943107843137	0.16835	5.581093333333333	-186.7816934620274
1705.688048076923	0.168212	5.581728	-186.8600536624254
1707.4655	0.168045	5.582355	-186.8890402867934
1709.250534653465	0.167902	5.583033333333334	-186.9233206511696
1711.017415841584	0.167755	5.583638000000001	-186.9649524428311
1712.772699029126	0.1676233333333333	5.584199999999999	-187.0136593730761
1714.803992592592	0.1674571428571429	5.584922857142857	-187.060223234341
1716.767657142857	0.167316	5.585531666666667	-187.0933242914764
1718.563942307692	0.1671983333333333	5.586139999999999	-187.1351517403587
1720.266223404255	0.167096	5.58678	-187.1630030346091
1722.045857142857	0.1669983333333333	5.587298	-187.2750637372758
1723.823171717172	0.16686	5.587863333333333	-187.3470397129943
1725.58702970297	0.166782	5.58857	-187.3420517200346
1727.616272727272	0.1666642857142857	5.589321428571429	-187.4093690311051
1729.55997029703	0.16654	5.590062000000001	-187.4691449719645
1731.320752380952	0.16646	5.590665	-187.4994333825811
1733.118297029703	0.166365	5.591285999999999	-187.5119912354916
1734.82291	0.1662766666666667	5.591876666666667	-187.5608918832886
1736.602174757282	0.166194	5.592495	-187.5390222728944
1738.551975806452	0.1661042857142857	5.593032857142857	-187.6437882920436
1740.545163461539	0.166035	5.59351	-187.7080318796928
1742.335042553191	0.165982	5.594016666666666	-187.6451804217291
1744.053940594059	0.165915	5.59431	-187.6535732046997
1745.82508	0.16585	5.594753333333333	-187.6646817358047
1747.58479	0.16577	5.595078	-187.7136402160788
1749.5688	0.1656928571428571	5.59549875	-187.7541988576704
1751.564548076923	0.1656083333333333	5.595864	-187.7922359628351
1753.34698989899	0.165582	5.596203333333333	-187.8577011899901
1755.11885	0.165505	5.596522	-187.8239183064249
1756.879278350515	0.165435	5.596835	-187.8785863792693
1758.655402061856	0.165416	5.597259999999999	-187.886742479527
1760.404705263158	0.165365	5.597638	-187.9151706242212
1762.41037398374	0.1652914285714286	5.59799	-187.9675099218467
1764.397198019802	0.165254	5.598331666666667	-187.9042095568143
1766.146875	0.1652066666666667	5.598522	-187.7956523419232
1767.89603	0.165194	5.598738333333333	-187.6911601834042
1769.654316831683	0.1651833333333333	5.598806666666666	-187.586029915863
1771.412460784314	0.1651733333333333	5.5988	-187.5159730346705
1773.401722222222	0.16517	5.598695714285714	-187.4312346204403
1775.37719047619	0.16518	5.598415	-187.3343714737263
1777.15785106383	0.165195	5.598141666666666	-187.4165971097328
1778.93000990099	0.165206	5.597972	-187.6334872078686
1780.653182692308	0.1652066666666667	5.597961666666667	-187.7410473703816
1782.406932692307	0.1651933333333334	5.598024000000001	-187.8451277815093
1784.155727272727	0.165156	5.59809	-187.8533949178537
1786.189401574803	0.1651485714285714	5.598172857142857	-187.8887786544028
1788.15268627451	0.16513	5.598305	-187.9485314986904
1789.886610526316	0.16511	5.598484	-187.9354775600403
1791.688346153846	0.1651216666666667	5.598621666666667	-187.9793603727665
1793.432485148515	0.1651033333333333	5.598762	-188.0297655689764
1795.373170731707	0.1650885714285714	5.598945714285714	-188.0449686930176
1797.347564356436	0.165042	5.599133333333334	-188.0545470447796
1799.115892156863	0.16501	5.599292	-188.0087281629139
1800.935136842105	0.16499	5.599375	-188.1103289315646
1802.653932692308	0.1649766666666667	5.599544	-188.1546987915325
1804.421198019802	0.1649516666666667	5.599696666666667	-188.0852747060886
1806.194333333333	0.164958	5.599801666666667	-188.1029085268954
1807.954816326531	0.16492	5.599878	-188.1193733371529
1809.994480620155	0.1649057142857143	5.599962857142857	-188.1407599421159
1811.936666666667	0.16487	5.600068333333334	-188.1317130397921
1813.732365384615	0.164862	5.60016	-188.1489016742536
1815.508211538461	0.1648483333333333	5.600226	-188.1848525789392
1817.258277227723	0.164815	5.600263333333333	-188.1711712370339
1819.04682	0.164796	5.600307999999999	-188.2182669235597
1820.798850467289	0.164795	5.60037	-188.1921216097772
1822.8189140625	0.1647642857142857	5.600367142857142	-188.2191553890594
1824.797747474747	0.164744	5.600415	-188.1946366252437
1826.56509	0.1647383333333333	5.600446	-188.2476728232735
1828.308495327103	0.16472	5.600503333333333	-188.2678832598802
1830.112235294117	0.16471	5.60052	-188.2380141882067
1831.854673469388	0.1646916666666667	5.600516666666667	-188.2608884173196
1833.825614173228	0.1646942857142857	5.600531428571429	-188.2501778227244
1835.797872549019	0.1646716666666667	5.600558	-188.2565672166116
1837.585725490196	0.16466	5.600555000000001	-188.2277803108754
1839.369882352941	0.1646416666666667	5.600519999999999	-188.2711373590168
1841.140106796116	0.16462	5.600512	-188.2962620139779
1842.911235294117	0.164608	5.60045	-188.2922466726195
1844.66743	0.1646116666666667	5.600423333333334	-188.3145224841608
1846.470359223301	0.16459	5.60043	-188.3139174552325
1848.436700787402	0.1645942857142857	5.600441428571428	-188.3454930767497
1850.432828571428	0.164584	5.600373333333333	-188.3616392399101
1852.225274509804	0.1645666666666667	5.600371666666667	-188.3389070373955
1853.997519230769	0.164566	5.600396000000001	-188.3783090493693
1855.765873786408	0.1645633333333333	5.60039	-188.4083544690745
1857.538852941176	0.1645416666666667	5.600466666666667	-188.4058188029011
1859.287069306931	0.164536	5.600528	-188.3666980897934
1861.27459375	0.16454	5.600555714285714	-188.4084319639283
1863.299047619048	0.1645133333333333	5.600635	-188.3129272071029
1865.060076190476	0.1645116666666667	5.6006	-188.0923880835385
1866.861644859813	0.164535	5.600366	-187.9728396079709
1868.620656862745	0.164556	5.60007	-187.8725169407752
1870.384314285714	0.1645816666666667	5.599836000000001	-187.7694578497155
1872.150735849056	0.164596	5.59956	-187.6772534988066
1873.907238095238	0.164635	5.599126666666667	-187.7632656991921
1875.944700787401	0.1646842857142857	5.598801428571429	-188.0019032053763
1877.90604	0.1647	5.598544	-188.0993561587755
1879.6545	0.164736	5.598443333333333	-188.1296294208944
1881.43385	0.1647283333333333	5.598426	-188.2151310121901
1883.180912621359	0.16473	5.59839	-188.2140924292403
1884.960151515151	0.164738	5.598425	-188.2249443775627
1886.944716535433	0.1647357142857143	5.598434285714286	-188.1793625717131
1888.919757575758	0.1647416666666667	5.598482	-188.2187153041357
1890.687762376238	0.164746	5.59853	-188.2550994902664
1892.409867924528	0.1647433333333333	5.598616000000001	-188.2926770481649
1894.21227	0.16473	5.598678333333333	-188.3044137481317
1895.968701030928	0.164756	5.598755	-188.288375820439
1897.746471153846	0.16473	5.598864	-188.246765537108
1899.724192	0.1647257142857143	5.598967500000001	-188.2742870276775
1901.726585858586	0.164735	5.599068000000001	-188.2656543995236
1903.466432989691	0.164736	5.599098333333333	-188.3394983449884
1905.257754901961	0.164715	5.599146	-188.3002652330175
1907.008151515151	0.164714	5.599223333333333	-188.2656514484773
1908.810075268817	0.1647416666666667	5.59931	-188.2340140409305
1910.525622448979	0.1647233333333333	5.59928	-188.2163438555913
1912.512570247934	0.1647042857142857	5.599258571428572	-188.3225515801963
1914.537958762887	0.164694	5.599303333333333	-188.3304388318916
1916.295903846154	0.1646883333333333	5.599375	-188.3995644488001
1918.068121212121	0.164685	5.599422000000001	-188.3302825845653
1919.871634615385	0.164662	5.59944	-188.3619427536489
1921.63368	0.164635	5.599474	-188.377718190458
1923.390082474227	0.164658	5.599515	-188.3558494983484
1925.378653846154	0.1646071428571429	5.599557142857143	-188.4089176210543
1927.354644230769	0.164605	5.599553333333334	-188.3750362495154
1929.134557692308	0.1645983333333333	5.599552	-188.1740093255355
1930.885118811881	0.164576	5.599418333333333	-188.1703085789619
1932.653775510204	0.1646316666666666	5.599243333333334	-188.0790334302143
1934.434282828283	0.1646166666666667	5.599031999999999	-187.9516492817372
1936.156636363636	0.16464	5.598701666666667	-187.8956318896937
1938.138883333333	0.1646885714285714	5.598330000000001	-187.7860687665944
1940.149079207921	0.1647033333333333	5.597980000000001	-187.6726850561424
1941.891051546392	0.164766	5.597538333333334	-187.5892671682211
1943.65322	0.1648083333333333	5.59703	-187.5257196103652
1945.41696	0.1648333333333333	5.596586	-187.4825992343688
1947.18602970297	0.164898	5.596045	-187.4809531326088
1949.159064	0.1649471428571428	5.595490000000001	-187.5959009996815
1951.151458333333	0.1649916666666667	5.595114	-187.835039917829
1952.927397959184	0.165024	5.594828333333334	-187.9264608392835
1954.654660194175	0.1650316666666667	5.594686	-187.9430314012127
1956.414931372549	0.1650483333333333	5.594510000000001	-187.9211149846121
1958.207871287129	0.165054	5.594443333333333	-187.9507459432541
1959.982029126214	0.1650466666666667	5.594442	-188.0305295537216
1961.990862903226	0.1650571428571428	5.594447142857144	-188.0658601796728
1963.939969387755	0.165045	5.594431666666666	-188.0656703963165
1965.73603030303	0.165048	5.594474	-188.0858554613991
1967.47481443299	0.165	5.594525	-188.1181830732032
1969.233708737864	0.165026	5.594609999999999	-188.1572304918178
1971.011265306122	0.1650066666666667	5.594742	-188.2060771960623
1972.981279069767	0.16498	5.594851428571429	-188.2227012357679
1974.971848484848	0.1649533333333333	5.594956666666667	-188.24811774847
1976.7288	0.164946	5.595058333333333	-188.2565819728713
1978.483217821782	0.1649533333333333	5.5951	-188.2482471606484
1980.278861386138	0.164926	5.595181666666666	-188.2772127475079
1982.017	0.1648933333333333	5.595262	-188.2631331171825
1983.768898989899	0.164894	5.59531	-188.2801944156957
1985.757811023622	0.1648657142857143	5.595357142857142	-188.3029412759693
1987.775343434343	0.1648333333333333	5.595395	-188.3004261353477
1989.541340206185	0.1648316666666667	5.59538	-188.2787390914716
1991.304163461538	0.164822	5.595335	-188.1799467780893
1993.037911764706	0.1647983333333333	5.595215	-188.128434970747
1994.825640776699	0.164795	5.595046	-188.108102578001
1996.594	0.164822	5.594845	-188.18099685767
1998.580496296296	0.1648071428571429	5.594651428571428	-188.2446832241789
2000.564398058252	0.164795	5.594518	-188.3051624372385
2002.310322916667	0.164805	5.594451666666666	-188.2745513838673
2004.072392156862	0.164792	5.594351666666666	-188.2813736410975
2005.845237623762	0.1647816666666667	5.59429	-188.2705464101429
2007.615471153846	0.16478	5.594221666666667	-188.2738145818956
2009.547555555555	0.1647657142857143	5.594172857142858	-188.2978271470552
2011.582621359223	0.1647333333333333	5.594145999999999	-188.3087474134808
2013.325140186916	0.16475	5.594113333333333	-188.3218103624122
2015.106626262626	0.16474	5.594085	-188.3252384833419
2016.861373737374	0.1647233333333333	5.594081999999999	-188.2579413755801
2018.644574257425	0.164736	5.593971666666667	-188.2625295584342
2020.34400990099	0.164745	5.593748	-188.1901764856196
2022.378658730159	0.1647285714285714	5.593605714285714	-188.1873128517745
2024.367628571429	0.164735	5.593468333333334	-188.1383912907685
2026.128801980198	0.164758	5.59321	-188.1939047209686
2027.887647058823	0.1647466666666667	5.593044	-188.2099339349949
2029.64431	0.164735	5.59291	-188.2013445610255
2031.439230769231	0.164734	5.592735999999999	-188.1487716957623
2033.371418604651	0.1647685714285715	5.592437142857143	-188.1053931609296
2035.383329896907	0.16479	5.592161666666667	-188.0965380557006
2037.103242718447	0.164772	5.591872	-188.0537967797788
2038.858699029126	0.1647916666666667	5.591573333333334	-188.0471275938152
2040.632009615385	0.164802	5.591266666666666	-188.0150920545139
2042.591841269841	0.1648342857142857	5.590897142857143	-187.9756826590045
2044.551326923077	0.1648916666666667	5.590536	-187.9132464631677
2046.335184466019	0.1649016666666667	5.590185	-187.9018495472211
2048.101402061855	0.164936	5.589854	-187.9039322678986
2049.841214953271	0.16492	5.589528333333334	-187.8784288021696
2051.633509803922	0.164946	5.589286666666667	-187.8935603696849
2053.372019607843	0.1649566666666667	5.588924	-187.930880303471
2055.3628515625	0.1649957142857143	5.588589999999999	-187.8804755478772
2057.299495238095	0.1650083333333333	5.588216666666667	-187.8418550908531
2059.08978	0.165006	5.587866	-187.9266049990487
2060.859479591837	0.165045	5.587630000000001	-187.9615748044455
2062.630233009708	0.165036	5.587453333333333	-187.9812839547271
2064.380951923077	0.1650533333333333	5.587391999999999	-187.9630394662427
2066.353907692308	0.1650514285714286	5.587230000000001	-187.9480552175334
2068.36539	0.1650366666666667	5.587041666666667	-187.9703227838925
2070.139295918367	0.165022	5.586921666666667	-187.9605433453868
2071.891673469388	0.1650366666666667	5.58679	-188.031421290784
2073.68403960396	0.165044	5.586685	-188.0587164923912
2075.406339805825	0.1650266666666667	5.586596	-188.092528530899
2077.18367	0.1650183333333333	5.586593333333334	-188.0582410868151
2079.182829457364	0.1650114285714286	5.586515714285714	-188.0383243665445
2081.156644230769	0.164984	5.586401666666666	-187.9850084933149
2082.937762376238	0.1650033333333333	5.586278	-187.9925624268843
2084.714	0.1650083333333333	5.586151666666666	-187.9924198279189
2086.453393939394	0.165042	5.586	-187.9803931043647
2088.215019607843	0.16505	5.585858	-187.9326640440055
2089.991193877551	0.165058	5.58574	-187.95549846479
2091.999692307692	0.1650771428571428	5.585512857142858	-187.9262358575627
2093.967010638297	0.1650683333333333	5.585288	-187.9150277694915
2095.712320388349	0.1650966666666667	5.585075	-187.9019922443219
2097.429686868687	0.165094	5.584866	-187.8759178672585
2099.215288659794	0.1651	5.584656666666667	-187.8670304075549
2100.974780952381	0.1651183333333333	5.584423333333334	-187.8661291947307
2102.978824427481	0.1651442857142857	5.584145714285714	-187.8680404642428
2104.959871287128	0.16514	5.583906000000001	-187.8658549316035
2106.690831683168	0.1651366666666667	5.58367	-187.8748999003988
2108.440766990291	0.16515	5.583454	-187.877398198974
2110.240597938144	0.1651783333333333	5.583251666666667	-187.8726596193225
2111.964030927835	0.165168	5.582991666666667	-187.8434765687684
2113.929888888889	0.1652142857142857	5.582705714285714	-187.845288788964
2115.956553398058	0.1652333333333333	5.582418	-187.8000974362179
2117.68245	0.1652483333333333	5.582161666666667	-187.8156514035985
2119.45977	0.165268	5.58188	-187.7497640679113
2121.218247619047	0.165255	5.581655	-187.7762690943231
2122.960801980198	0.165284	5.581351666666666	-187.779213227008
2124.757607843137	0.16529	5.581047999999999	-187.7553860024621
2126.757581395349	0.1653	5.580761428571428	-187.773378258566
2128.752871287129	0.1653316666666667	5.58047	-187.7670753501147
2130.498376237624	0.16533	5.580163333333333	-187.7217823711632
2132.273887850467	0.1653333333333333	5.579898	-187.7324370878248
2134.026234693878	0.1653566666666667	5.579566666666667	-187.71868614698
2135.792205882353	0.16538	5.579332	-187.7185453994373
2137.57625	0.1653766666666667	5.579053333333333	-187.7081773532859
2139.5402	0.1654085714285714	5.578755714285714	-187.7054228568579
2141.548907216495	0.1654	5.57853	-187.6868887302603
2143.300941176471	0.1654183333333333	5.578246	-187.7198636367883
2145.062735849056	0.1654166666666667	5.577975	-187.6961894843971
2146.860396039604	0.165434	5.577766666666666	-187.716625466724
2148.639930693069	0.16543	5.577514	-187.6907333181946
2150.363336633663	0.16544	5.577361666666667	-187.6927943708931
2152.373456692913	0.1654471428571429	5.577071428571428	-187.6868584378813
2154.358852941176	0.165462	5.57686	-187.720322729764
2156.125390476191	0.1654716666666667	5.576606666666667	-187.7216446152141
2157.901561904762	0.16546	5.5764	-187.7328977935518
2159.668552380952	0.1654666666666667	5.57619	-187.743397179238
2161.444039215686	0.1654766666666667	5.57597	-187.7860384607018
2163.225441176471	0.1654616666666666	5.575686	-187.7661999341219
2165.242952	0.1654585714285714	5.575458571428571	-187.7415323430022
2167.193153846154	0.165476	5.575131666666667	-187.7500642480024
2168.978128712871	0.1654933333333333	5.57483	-187.7228306337236
2170.75213	0.165486	5.574520000000001	-187.7389543411342
2172.485539215686	0.1654833333333333	5.574251666666666	-187.7459208749653
2174.239881188118	0.165506	5.57398	-187.6855545887554
2176.218188976378	0.1655125	5.573640000000001	-187.7081553448297
2178.223388349515	0.165516	5.5733	-187.6670498383888
2179.99800952381	0.165515	5.572996666666667	-187.6533033095974
2181.79967961165	0.165514	5.572642	-187.6757791196625
2183.519428571428	0.1655316666666667	5.572360000000001	-187.6694271501935
2185.277084210526	0.1655583333333333	5.57202	-187.6750475748403
2187.043174757281	0.16556	5.571713333333333	-187.5988792611838
2189.0418125	0.1655728571428572	5.571295714285714	-187.6052119612557
2191.036951456311	0.1655716666666667	5.570896666666667	-187.5966593188689
2192.812590476191	0.16559	5.570551999999999	-187.6056871168431
2194.60307	0.165615	5.570215	-187.6056701661673
2196.33694117647	0.1656233333333333	5.569841666666666	-187.5447974099489
2198.058194174757	0.16564	5.569452	-187.5722772398867
2199.834902912621	0.165655	5.569111666666667	-187.5923758820745
2201.82878125	0.1656628571428571	5.568717142857142	-187.6126618100441
2203.77118446602	0.165688	5.568388000000001	-187.5651755711682
2205.53401	0.1657	5.568	-187.5158130522717
2207.315537735849	0.1657383333333333	5.56759	-187.5867625043668
2209.066336538461	0.165748	5.567288	-187.5322207572488
2210.85447	0.1657716666666667	5.566901666666667	-187.5817324106231
2212.854375939849	0.16579	5.566447142857142	-187.5898293315131
2214.82912745098	0.1657766666666667	5.566018333333333	-187.6133653312337
2216.59600990099	0.165794	5.565684	-187.5390250083987
2218.320174757282	0.16581	5.565341666666667	-187.5604525734529
2220.109	0.165818	5.564988	-187.4926231392354
2221.911078431372	0.165855	5.56472	-187.5372491663961
2223.66494	0.16585	5.564371666666666	-187.4803658343775
2225.640573643411	0.1658785714285714	5.564006666666667	-187.5527052077281
2227.58275	0.165904	5.563675	-187.4713630235117
2229.366881188118	0.1659283333333333	5.563255	-187.4865636838042
2231.086923076923	0.165954	5.562916	-187.5251190320078
2232.82681	0.16595	5.562578333333334	-187.4365023490497
2234.85283076923	0.1659828571428571	5.562154285714286	-187.4895873610157
2236.830631067961	0.165986	5.561807999999999	-187.4893741348753
2238.582554455445	0.1660066666666667	5.561468333333333	-187.4254349579019
2240.346587628866	0.1660133333333333	5.561176666666666	-187.4781495675456
2242.125528846153	0.16602	5.560855999999999	-187.4883413514903
2243.898817307692	0.16603	5.560596666666666	-187.4877402123727
2245.646287128713	0.166066	5.560345999999999	-187.4880569318786
2247.630312977099	0.1660714285714286	5.559972857142856	-187.4462351282389
2249.608079207921	0.166095	5.559558333333333	-187.4810992179152
2251.363262135922	0.1661133333333333	5.559244	-187.497063903003
2253.128504761904	0.166122	5.558948333333333	-187.4475919330887
2254.907722772277	0.1661216666666667	5.558625	-187.4895156095027
2256.644254716981	0.166134	5.558338	-187.4561673032178
2258.40806	0.1661516666666667	5.558061666666667	-187.4345984468367
2260.423351145038	0.16617	5.557692857142857	-187.4699851049587
2262.399647619048	0.1661583333333333	5.557378	-187.472108081223
2264.152854368932	0.166194	5.557063333333334	-187.4196623262494
2265.919775700935	0.1662116666666667	5.55678	-187.4627907127105
2267.696712871287	0.166215	5.556514	-187.4913050357944
2269.49572	0.166244	5.556305	-187.4714933024072
2271.458406504065	0.1662542857142857	5.556041428571429	-187.5057609226769
2273.420619047618	0.1662716666666667	5.555816666666666	-187.5130068991584
2275.204873786407	0.166256	5.555628	-187.4862796608141
2276.989257425742	0.16628	5.555385	-187.4963294802174
2278.727515151515	0.1662933333333333	5.55516	-187.5291163347451
2280.516333333333	0.166294	5.554916	-187.4926360836808
2282.243128712871	0.1663116666666667	5.554713333333333	-187.4704768639047
2284.239862903226	0.16634	5.554462857142857	-187.4899458505764
2286.262623762376	0.1663466666666667	5.554199999999999	-187.5088690884358
2288.004505050505	0.166344	5.553966666666667	-187.4779910129581
2289.757195876289	0.1663583333333333	5.553748333333334	-187.4831873351277
2291.534735849056	0.166386	5.553462000000001	-187.4307346789152
2293.312586538461	0.166415	5.553173333333334	-187.4629338067529
2295.104568627451	0.1664	5.552903333333333	-187.4081569489266
2297.101696	0.1664228571428572	5.55263	-187.4507140830295
2299.071323529412	0.166446	5.552283999999999	-187.4255696282768
2300.860968421052	0.1664383333333333	5.551731666666666	-187.4260272844045
2302.487395061728	0.1664733333333333	5.551226000000001	-187.434584809578
2304.490718309859	0.16647	5.550739999999999	-187.4470814099452
2305.756571428571	0.166475	5.550385	-187.3947236566129
2307.927376237624	0.16649	5.549922	-187.417457553963
2309.874951219512	0.1665285714285714	5.549447142857143	-187.3649568460078
2311.888818181818	0.1665466666666666	5.54888	-187.3842545031351
2313.642705882353	0.166546	5.548454	-187.3809947219028
2315.385148514851	0.1665683333333333	5.548025	-187.3938379874331
2317.136490384615	0.16657	5.54761	-187.3852713572726
2319.012860869565	0.1665971428571429	5.547296666666667	-187.3577748468149
2321.04838	0.166632	5.546876666666667	-187.2986572100922
2322.888309278351	0.1666416666666667	5.546336666666667	-187.2836208639059
2324.61244	0.166665	5.545892	-187.2690150736974
2326.412885714286	0.166684	5.545428333333334	-187.2539516415651
2328.117815533981	0.1666883333333333	5.544943333333333	-187.2881832991159
2329.882378640777	0.166722	5.544589999999999	-187.2737312392585
2331.674038095238	0.1667216666666667	5.54417	-187.2951134106477
2333.64353030303	0.1667471428571428	5.543738571428571	-187.2770344242655
2335.637757894736	0.166744	5.543296000000001	-187.2806622787622
2337.39384	0.166755	5.543010000000001	-187.2928982593459
2339.117349514563	0.166764	5.542628000000001	-187.2386335662754
