<<PMCA SPECTRUM>>
TAG - live_data
DESCRIPTION - 
GAIN - 5
THRESHOLD - 0
LIVE_MODE - 0
PRESET_TIME - 0
LIVE_TIME - 96.733000
REAL_TIME - 101.241000
START_TIME - 05/12/2020 11:31:43
SERIAL_NUMBER - 0
<<DATA>>
0
0
0
0
0
0
0
0
0
0
0
0
0
0
0
0
0
0
0
0
0
0
0
0
0
0
0
0
0
0
0
0
0
0
0
0
0
0
0
0
0
0
0
0
0
0
0
0
0
0
0
0
0
0
0
0
0
0
0
0
0
0
0
0
0
0
0
0
0
0
0
0
0
0
0
0
0
0
0
0
0
0
0
0
0
0
0
0
0
0
0
0
0
0
0
0
0
0
0
0
0
0
0
0
0
0
0
0
0
0
0
0
0
0
0
0
0
0
0
0
0
0
0
0
0
0
0
0
0
0
0
0
0
0
0
0
0
0
0
0
0
0
0
0
0
0
0
0
0
0
0
0
0
0
0
0
0
0
0
0
0
0
0
0
0
711
961
1072
1156
1127
1153
1193
1159
1148
1159
1130
1068
1159
1154
1082
1124
1136
1174
1120
1170
1148
1130
1092
1172
1130
1106
1149
1157
1110
1153
1110
1129
1120
1128
1062
1189
1146
1174
1127
1092
1131
1085
1159
1072
1094
1165
1199
1180
1132
1168
1179
1159
1174
1144
1089
1179
1159
1160
1181
1209
1113
1154
1148
1165
1199
1132
1157
1160
1194
1268
1294
1253
1291
1264
1290
1299
1336
1371
1399
1449
1428
1314
1403
1292
1297
1187
1190
1073
1136
1105
1044
1127
1109
1168
1125
1094
1162
1251
1131
1105
1130
1132
1149
1118
1128
1119
1106
1138
1133
1163
1101
1181
1196
1254
1270
1281
1258
1209
1166
1190
1134
1155
1189
1170
1147
1139
1173
1180
1084
1110
1091
1125
1113
1109
1130
1094
1110
1095
1099
1045
1118
1118
1069
1091
1028
1119
985
1027
1025
1122
1030
1099
1088
1082
1179
1044
1068
1099
1110
1079
1093
1110
1079
1096
1084
988
1125
1063
1091
1039
1042
1068
1068
1052
1016
1097
1047
1077
1088
1063
1018
1042
1038
1025
1043
1103
1086
1059
1099
1117
1061
1125
1033
1053
1048
1068
1052
1136
1088
1096
1065
1153
1076
1010
1060
1150
1085
1095
1106
1101
1085
1097
1112
1067
1081
1080
1131
1138
1060
1045
1114
1053
1108
1089
1104
1067
1083
1094
1107
1115
1114
1062
1138
1112
1120
1112
1079
1064
1057
1080
1142
1044
1114
1172
1046
1096
1145
1110
1138
1153
1157
1107
1087
1109
1060
1072
1115
1090
1090
1100
1069
1056
1046
1085
1105
1158
1081
1098
1098
1072
1087
1105
1071
1131
1043
1179
1101
1094
1059
1137
1101
1123
1069
1018
1123
1063
1052
1124
1070
1113
1082
1083
1051
1056
1040
1112
1093
1065
1042
1051
1038
1101
1117
1091
1084
1076
1100
1065
1141
1126
1072
1073
1043
1030
1121
1093
1110
1045
1067
1055
1099
1083
1097
1072
1047
1132
1091
1114
1107
1120
1062
1066
1070
1067
1086
1142
1085
1067
1073
1121
1101
1100
1103
1008
1103
1106
1107
1094
1041
1093
1093
1054
992
1085
1112
1096
1072
1063
1065
1111
1135
1118
1042
1097
1021
1038
1083
1025
997
1082
1047
1052
1046
1139
1137
1059
1070
1054
1090
1107
1058
1077
1070
1045
1020
1023
1039
1123
1122
1106
1119
1132
1050
1067
1051
1089
1018
1053
1083
1063
1075
1069
1038
1023
1075
1047
1095
1085
998
1053
1074
1104
1102
1038
1113
1127
1071
1147
1045
1076
1091
1111
1078
1058
1081
1131
1057
1062
1049
1114
1076
1073
1027
1100
1045
1122
1080
1120
1138
1057
1107
1129
1077
1067
1074
1128
1083
1080
1102
1099
1100
1135
1137
1130
1059
1076
1159
1121
1095
1162
1129
1156
1204
1072
1148
1203
1157
1199
1204
1220
1228
1226
1216
1238
1313
1246
1260
1257
1287
1269
1248
1326
1275
1234
1283
1356
1325
1325
1305
1334
1302
1327
1333
1272
1371
1327
1364
1370
1337
1337
1299
1339
1374
1342
1405
1284
1327
1322
1360
1324
1360
1357
1442
1390
1322
1383
1300
1313
1361
1371
1319
1318
1401
1282
1348
1344
1365
1410
1284
1233
1226
1353
1336
1322
1373
1397
1357
1344
1334
1284
1317
1394
1327
1360
1282
1327
1337
1373
1274
1238
1296
1342
1298
1328
1239
1316
1333
1300
1305
1315
1287
1293
1236
1308
1359
1276
1276
1257
1256
1246
1271
1273
1290
1278
1286
1263
1238
1261
1275
1275
1238
1290
1181
1244
1245
1262
1220
1250
1252
1247
1279
1325
1215
1200
1182
1212
1223
1227
1262
1201
1180
1229
1218
1225
1255
1194
1230
1226
1205
1172
1209
1223
1178
1195
1170
1184
1198
1157
1217
1183
1200
1202
1173
1198
1171
1188
1170
1243
1229
1192
1217
1200
1153
1179
1184
1197
1177
1196
1136
1147
1160
1122
1133
1104
1121
1110
1156
1162
1183
1161
1119
1128
1154
1139
1114
1128
1138
1134
1138
1060
1118
1135
1126
1146
1128
1128
1138
1104
1092
1118
1071
1012
1082
1074
1041
1141
1085
1066
1084
1061
1082
1114
1157
1038
1064
1084
1078
1085
1140
1150
1126
1124
1056
1065
1073
1112
1071
1082
1061
1096
1076
1059
1096
1078
1064
1078
1053
1053
1031
1095
1039
1067
1061
1022
1073
1112
1068
1077
1042
1038
1087
1033
1113
1002
1061
1060
1040
1017
1037
981
1061
1009
1047
1034
1112
1090
1002
1067
1067
1041
1025
992
1092
1065
1042
1035
1007
1048
988
1026
1031
1013
1076
1038
998
1023
1009
1040
1000
1079
1029
1046
989
1022
1008
1040
981
1039
959
1024
976
998
1025
958
1038
1010
985
1024
1035
1003
1049
989
1019
1015
978
1002
1018
959
1008
963
985
1025
995
1009
1022
999
970
995
982
958
953
985
1019
1005
997
965
949
1039
944
973
992
1002
980
1034
966
992
952
1065
989
979
1005
962
971
999
930
981
965
1010
1008
963
952
984
958
1036
1003
943
1025
974
1027
1039
1003
928
955
995
963
1046
957
994
995
961
937
987
959
943
965
975
934
999
944
1001
980
982
995
923
965
1018
905
996
933
924
1018
959
989
919
962
923
923
941
994
968
963
1015
966
951
955
988
961
936
905
1018
947
940
958
970
955
944
1025
948
973
971
981
982
939
1022
900
944
923
943
959
986
984
962
898
972
962
981
916
906
952
936
927
913
949
949
1023
956
972
959
926
959
943
953
918
923
941
933
902
952
939
1027
947
940
1022
909
1009
928
994
1010
941
962
966
944
907
898
999
918
907
942
983
963
956
962
935
980
883
1024
922
913
981
979
928
947
979
982
915
978
956
954
923
977
969
930
920
969
899
924
969
894
983
941
907
895
887
954
926
988
884
939
1014
992
944
991
972
934
932
939
957
933
916
926
958
937
886
937
950
912
961
952
947
946
927
957
959
926
993
953
952
921
991
883
969
960
968
963
872
882
972
879
947
973
955
968
955
951
929
956
963
924
979
970
1012
923
958
964
984
963
908
945
959
952
962
940
923
962
968
929
936
964
1016
970
997
943
912
965
885
931
975
962
1009
883
1011
949
965
979
908
943
956
936
996
981
970
981
955
966
977
970
961
955
940
956
921
923
989
919
969
939
946
1004
996
969
932
1005
930
983
940
915
980
975
947
1013
946
932
957
997
945
1027
899
954
995
1020
960
911
973
897
992
1003
954
969
1010
932
984
950
992
996
1046
1037
996
972
876
915
1002
982
1003
962
980
1002
994
980
948
936
1020
949
1056
1007
944
947
941
1009
977
968
983
950
1007
975
995
1008
985
990
989
988
998
1010
989
956
993
1005
952
981
1012
961
986
987
969
972
917
943
1004
969
1007
1040
1003
964
933
1011
976
1000
999
1036
1003
1009
1008
981
1071
962
941
1006
1018
997
954
977
995
1022
983
1043
960
1054
954
1078
1063
993
1012
1028
1038
1013
1012
953
1049
1020
1008
1044
995
1006
1011
1058
1061
1061
990
1007
1051
1070
1026
1022
1024
999
1064
1045
1100
1039
1050
1067
1046
1130
1090
983
1027
1050
1024
1102
1024
1027
1080
1026
1053
1013
1092
975
1037
1061
1093
1074
1026
1020
1060
1096
1063
1044
995
1104
1057
1087
1159
1043
1053
1045
1110
1137
1102
1059
1034
1056
1065
1079
1108
1091
1095
1120
1134
1085
1116
1079
1088
1108
1077
1087
1139
1161
1188
1120
1116
1133
1148
1101
1131
1140
1147
1087
1075
1140
1139
1133
1185
1085
1154
1100
1060
1122
1151
1185
1115
1113
1163
1137
1194
1156
1121
1209
1103
1184
1144
1083
1195
1139
1154
1214
1171
1168
1141
1202
1190
1149
1110
1170
1145
1207
1244
1164
1203
1176
1185
1161
1205
1224
1211
1254
1224
1176
1211
1233
1185
1237
1183
1184
1210
1252
1192
1308
1242
1222
1247
1226
1241
1302
1271
1249
1224
1218
1254
1271
1247
1303
1266
1249
1268
1298
1210
1194
1338
1247
1323
1315
1280
1326
1293
1283
1336
1299
1343
1395
1320
1290
1359
1314
1308
1260
1311
1364
1287
1327
1285
1300
1357
1366
1419
1359
1364
1402
1355
1363
1425
1375
1326
1369
1403
1397
1410
1325
1331
1418
1386
1375
1397
1369
1325
1370
1396
1371
1472
1370
1470
1463
1423
1416
1414
1435
1472
1475
1461
1466
1474
1411
1438
1477
1427
1427
1497
1412
1516
1431
1391
1459
1437
1454
1437
1483
1441
1435
1478
1446
1432
1400
1448
1394
1444
1458
1412
1445
1356
1401
1351
1354
1306
1289
1267
1301
1242
1183
1194
1227
1224
1139
1170
1085
1138
1061
1108
1095
1026
1043
1065
942
943
961
1014
980
932
886
914
876
891
863
874
840
838
848
856
827
814
827
800
826
780
815
745
782
789
759
768
794
776
780
788
750
779
747
776
762
788
764
724
725
739
764
760
712
700
690
701
736
751
670
687
745
663
726
707
656
672
743
677
656
652
678
712
659
669
686
674
656
660
624
699
630
673
652
650
671
660
652
630
612
628
639
641
615
633
667
623
623
621
557
581
542
633
588
592
547
632
623
609
605
556
592
616
577
606
615
565
599
629
519
523
545
598
548
607
571
544
573
537
535
586
553
588
555
569
546
544
572
556
538
560
558
511
530
515
494
545
541
474
517
495
520
464
504
525
496
492
479
494
518
486
512
514
510
453
537
507
446
465
494
487
480
470
448
492
442
489
464
420
469
432
451
437
468
404
449
433
439
412
403
459
420
437
421
449
409
470
423
410
407
422
451
404
415
409
401
414
383
417
420
388
403
391
405
392
396
373
356
377
391
379
375
369
332
388
351
376
335
366
330
370
350
366
344
375
342
345
364
327
347
356
332
330
324
350
329
302
353
330
321
325
376
301
318
328
306
308
311
316
317
301
316
305
291
281
270
307
312
296
299
273
273
284
313
289
295
273
294
285
291
284
306
279
249
303
247
287
276
285
250
244
266
276
290
272
295
277
238
259
266
260
213
262
260
263
273
284
259
276
261
268
238
240
263
255
258
256
236
245
245
236
221
249
252
209
236
241
254
282
243
262
220
251
232
239
228
227
230
248
252
252
234
233
233
239
227
221
214
242
223
226
242
256
261
250
202
248
227
243
252
236
235
245
246
247
246
222
235
270
224
231
244
239
287
247
240
214
216
251
241
260
217
242
235
227
219
242
232
207
233
257
249
235
242
226
224
231
222
227
258
239
221
220
242
225
210
199
209
228
213
239
215
265
241
258
231
208
211
204
193
196
255
239
208
225
214
219
218
206
219
233
247
204
204
218
250
233
241
219
210
224
223
216
256
200
225
212
222
190
198
205
208
228
227
211
233
217
212
219
192
204
194
212
210
197
224
227
206
211
223
227
220
233
217
225
203
214
222
220
205
214
210
208
228
232
217
225
218
214
249
209
225
211
206
206
215
215
241
217
251
228
197
216
208
186
212
200
181
199
206
192
223
230
201
234
203
219
215
233
213
211
212
193
232
215
244
210
218
202
245
196
214
219
209
216
213
220
199
238
211
216
218
222
219
182
227
235
228
235
209
258
225
200
204
253
216
203
250
242
216
240
202
232
242
239
221
223
236
230
239
244
231
247
241
238
251
241
248
280
274
217
247
259
252
244
281
302
258
288
268
246
278
289
287
322
317
307
285
298
375
365
356
345
383
358
356
406
416
422
459
444
459
505
519
536
525
537
620
652
683
739
771
877
915
971
1037
1156
1251
1403
1533
1718
1874
2215
2458
2936
3335
4016
5081
6199
7574
9221
11415
13111
15174
16948
18676
19181
19372
19912
19420
19265
19018
18805
18518
18134
17766
17558
17380
16952
15831
14894
13330
11816
9949
7918
6007
4337
3060
2111
1330
848
493
312
245
179
157
136
140
114
132
113
112
99
126
80
108
103
98
102
96
97
108
96
102
91
84
100
74
96
79
82
81
79
78
83
80
77
78
82
83
76
68
87
70
58
69
71
75
63
64
82
74
57
67
73
67
78
69
69
65
67
57
74
73
67
62
77
63
58
59
64
55
58
55
63
53
60
71
58
65
61
52
57
63
72
59
51
59
59
52
56
65
45
73
51
54
47
62
56
65
41
60
55
57
48
41
66
46
62
49
59
43
51
58
55
57
35
38
48
46
42
59
51
52
56
46
44
46
48
53
39
52
47
35
51
44
49
46
38
38
27
47
58
40
46
42
43
53
46
43
41
41
40
38
53
48
45
46
38
53
43
48
39
56
33
47
48
49
40
42
35
42
40
40
41
41
42
33
36
44
36
41
41
47
40
35
48
49
44
43
42
44
30
29
46
38
28
38
42
42
42
39
35
38
40
33
37
36
32
34
42
55
38
42
32
37
29
34
31
38
46
27
26
38
50
38
44
49
46
36
35
36
36
39
32
47
41
29
32
31
31
38
33
46
42
45
36
35
44
33
33
28
31
34
24
42
29
31
29
30
34
36
43
31
49
40
30
33
42
39
40
38
26
30
45
41
32
31
28
34
35
45
41
45
26
22
24
32
30
34
35
36
44
25
36
36
32
35
31
34
19
22
40
38
32
36
31
26
37
30
36
38
32
32
30
29
35
35
36
31
30
33
35
46
25
38
30
25
27
25
30
34
33
46
25
33
29
33
30
27
44
36
35
21
37
22
32
25
34
33
34
42
36
35
29
23
35
22
23
30
38
34
30
25
36
30
26
33
26
35
39
31
32
30
35
32
29
37
37
42
37
30
31
30
30
31
33
31
24
24
23
33
30
12
21
43
31
27
26
25
27
31
32
36
26
24
29
31
31
25
34
24
28
32
37
30
25
30
32
34
29
23
27
31
34
27
25
32
23
28
30
33
25
23
28
28
23
30
34
25
25
21
33
26
23
27
32
32
25
26
22
21
32
23
29
36
24
28
27
25
28
36
28
27
30
31
23
35
30
25
22
24
31
31
35
28
26
27
33
31
27
40
21
24
27
26
23
32
31
32
28
28
17
28
29
22
29
33
28
24
30
28
16
20
32
16
28
26
19
24
28
22
34
28
38
26
29
17
23
26
29
23
27
23
15
23
30
40
28
16
26
27
22
26
14
17
26
28
28
28
24
25
26
25
23
26
14
32
20
26
23
18
25
19
22
29
18
23
23
19
30
20
29
27
20
22
19
25
32
26
20
28
26
16
33
33
20
32
19
24
27
17
27
27
19
28
26
31
21
25
26
25
18
37
19
21
21
20
23
25
30
36
16
23
22
24
23
17
24
29
25
23
28
33
27
16
15
25
21
15
20
19
22
21
23
22
25
30
24
23
28
29
21
33
21
20
21
26
21
29
29
25
20
21
30
33
24
21
25
30
24
30
28
16
14
24
25
28
20
24
24
20
25
20
20
25
18
25
22
20
23
19
21
25
22
14
19
21
22
19
26
20
28
19
23
30
20
18
27
15
21
32
17
25
23
32
19
24
21
14
26
28
19
21
18
24
21
20
25
21
16
20
22
20
21
22
16
18
24
17
24
15
26
14
22
20
24
19
15
21
24
22
17
18
25
16
23
19
18
29
17
22
16
20
14
23
15
15
30
16
23
15
17
27
26
23
13
12
15
17
17
20
19
19
18
16
22
19
21
22
20
18
17
25
20
17
14
20
17
20
21
23
18
22
20
16
17
20
18
14
28
21
21
22
24
22
22
14
11
16
14
18
13
23
21
11
26
15
13
16
11
13
17
19
20
19
17
16
17
21
20
20
24
15
13
21
21
20
20
16
15
18
16
18
25
19
15
20
20
15
11
15
22
16
20
15
19
18
18
14
11
17
15
26
14
19
17
21
11
12
11
23
16
13
21
13
12
21
15
19
15
17
16
20
10
19
13
12
14
11
12
10
17
18
9
13
14
15
9
19
14
15
20
17
12
17
17
17
19
14
19
17
19
14
24
19
15
18
21
13
20
23
9
18
22
15
9
15
16
22
17
17
9
20
18
15
13
18
21
17
17
15
9
18
15
13
12
9
17
14
20
16
5
13
14
21
10
13
8
16
18
5
18
22
13
13
8
12
6
21
19
11
16
14
15
14
16
14
27
11
12
15
16
10
11
11
11
16
12
19
13
22
6
14
9
14
7
9
16
18
14
12
20
16
10
18
13
12
17
15
25
16
13
11
10
14
18
8
20
16
16
12
7
14
15
15
13
15
13
9
9
12
10
12
12
8
11
11
19
8
15
12
17
14
19
12
15
13
11
11
25
11
15
22
16
10
9
18
15
8
15
14
18
18
16
15
20
12
16
19
15
14
20
15
19
8
12
11
20
10
14
10
17
4
12
16
10
10
10
17
14
10
17
14
10
15
11
11
8
19
13
15
12
16
13
12
11
18
13
22
14
10
12
6
14
14
9
10
20
8
8
13
11
15
18
11
8
8
11
12
18
13
11
16
13
8
15
9
15
13
13
8
12
9
8
13
9
10
19
17
11
19
12
10
13
11
7
15
6
7
11
8
11
11
10
13
15
10
14
8
14
8
8
11
12
8
8
13
12
8
13
7
9
15
10
5
11
11
7
13
14
11
10
11
11
8
10
12
13
14
10
10
9
12
8
15
11
6
13
12
17
11
9
8
9
8
14
12
14
12
9
13
9
16
7
8
15
8
10
9
5
10
13
9
15
14
9
10
9
10
14
15
16
12
9
11
21
11
7
10
10
8
10
5
14
10
7
11
12
11
8
9
11
10
8
11
13
14
16
7
15
12
13
17
7
11
12
20
8
11
4
15
10
13
12
8
11
8
14
10
12
9
11
9
13
7
13
7
6
13
14
9
9
9
14
9
6
12
10
10
14
9
9
11
13
12
8
7
7
12
10
8
11
7
12
12
12
17
13
6
7
10
11
6
7
15
16
10
10
4
12
13
12
12
11
11
10
14
11
17
10
14
9
8
13
8
7
7
7
10
10
7
7
9
13
11
13
2
15
5
11
6
18
5
9
11
8
5
8
9
5
12
12
10
11
11
21
11
5
11
5
11
11
10
9
10
10
8
7
12
3
13
8
10
7
15
8
12
6
12
12
7
14
13
14
13
7
16
15
7
11
10
5
10
12
13
7
12
8
8
7
6
12
9
5
11
8
9
14
7
14
13
9
8
12
8
6
6
12
10
10
5
13
11
8
9
11
13
6
11
13
10
11
9
8
9
6
8
11
6
10
8
7
6
4
7
7
7
11
8
8
13
10
15
9
10
6
10
10
12
11
8
8
10
3
4
3
6
7
5
7
9
8
10
8
13
8
6
13
8
6
11
6
12
8
8
7
8
5
8
9
7
12
12
14
7
5
8
7
10
11
6
10
4
8
5
7
7
16
14
7
12
10
12
3
11
7
6
11
7
5
9
10
13
7
10
10
12
7
8
4
11
1
6
5
6
3
11
11
10
11
7
8
10
4
12
11
8
9
7
9
14
10
7
8
8
6
7
9
13
10
5
15
6
9
9
8
10
9
7
11
8
10
10
9
5
11
12
8
6
6
10
7
8
7
11
8
6
8
7
8
5
13
4
13
7
9
4
8
1
3
7
6
6
8
7
3
14
6
8
5
5
9
8
12
6
6
4
8
8
7
7
3
10
6
7
7
6
7
7
8
3
6
5
4
6
3
4
7
3
4
5
4
4
6
8
7
0
3
7
8
4
9
2
5
8
6
10
7
9
5
8
5
4
2
6
3
4
10
4
15
12
2
3
2
6
7
6
1
6
4
6
3
3
2
4
4
4
5
3
6
6
6
7
7
1
4
6
7
4
4
8
8
7
3
4
3
3
3
6
4
2
9
3
3
6
7
5
2
4
5
7
7
5
6
3
6
4
7
3
5
3
4
5
4
4
1
3
4
2
1
6
2
5
3
6
8
2
6
4
4
8
5
3
4
5
8
5
2
6
2
5
4
7
5
4
4
8
4
2
3
4
3
4
8
6
5
3
8
3
3
2
4
4
5
6
2
6
5
1
3
3
3
1
5
7
3
4
5
7
2
9
5
6
7
4
3
4
5
5
2
4
7
3
5
5
2
3
1
7
3
2
1
3
8
5
4
4
3
1
6
4
9
1
6
3
2
7
2
6
1
4
5
5
1
3
6
6
7
3
4
2
4
3
4
4
3
4
2
5
3
3
4
4
3
2
4
4
6
3
3
4
4
2
3
5
1
4
2
2
8
2
5
1
4
3
6
4
4
1
2
3
3
4
3
2
2
4
2
3
4
4
2
2
5
4
1
4
6
8
2
4
5
4
2
5
3
3
5
2
4
6
3
3
0
8
4
1
4
5
3
0
5
3
1
0
4
3
0
2
7
1
4
3
2
3
5
7
2
3
5
2
3
4
2
1
4
6
3
4
1
1
4
6
1
4
2
3
1
2
4
5
2
1
3
7
1
4
2
2
5
2
3
2
3
2
3
3
3
4
2
4
3
5
7
1
1
2
3
6
4
4
4
5
3
3
3
4
2
5
4
1
1
1
2
2
4
2
5
4
2
4
0
5
4
7
3
4
3
5
5
7
2
2
4
1
4
7
6
1
2
2
1
2
5
1
3
3
4
2
2
4
4
4
5
4
2
3
1
3
3
5
2
2
4
5
4
4
3
2
1
5
3
2
5
7
5
4
0
9
2
3
4
3
3
2
2
3
1
2
0
1
2
0
1
3
2
5
3
2
5
4
3
2
2
2
4
6
1
6
0
5
7
1
0
5
3
3
1
0
4
2
6
7
2
4
4
4
8
3
4
2
3
8
5
4
2
4
5
3
4
2
6
3
2
5
11
4
3
4
1
5
2
3
7
11
2
2
4
5
3
3
3
3
4
5
4
1
3
4
5
1
5
4
2
3
4
1
4
0
2
5
6
1
1
3
6
7
3
6
5
4
5
2
2
2
5
4
4
6
2
3
2
4
4
4
4
5
5
1
3
4
0
7
4
5
3
4
4
6
3
6
3
4
3
0
3
0
8
7
7
2
6
6
3
2
7
7
2
6
9
7
7
6
1
3
3
2
7
5
7
8
4
2
4
12
3
6
5
8
7
5
4
3
5
4
3
7
13
6
8
5
7
5
4
5
7
11
11
5
8
6
9
11
11
4
11
4
7
8
10
9
5
6
3
11
11
10
9
9
8
2
4
2
14
6
6
7
3
4
7
10
7
4
9
3
3
5
2
2
2
2
2
2
2
1
0
0
1
0
0
1
0
0
2
1
0
1
0
1
1
0
0
0
0
0
2
0
0
0
0
0
0
0
0
1
0
0
0
0
0
0
0
1
0
1
0
0
0
0
0
1
0
0
0
2
0
0
0
1
0
0
0
0
0
0
0
0
0
1
0
0
0
0
0
0
0
0
0
0
0
0
0
0
0
2
1
0
1
0
0
0
1
1
0
0
0
0
0
0
0
0
0
0
0
0
0
0
0
0
1
2
0
0
0
1
0
0
0
1
0
1
0
0
0
0
0
0
0
0
0
1
0
1
0
0
0
0
0
0
0
0
0
0
0
0
2
0
0
0
0
0
0
0
0
1
0
2
0
1
1
0
0
0
0
0
0
0
0
1
0
0
1
0
1
0
0
1
0
0
0
0
0
0
0
1
0
0
0
2
1
1
1
1
1
0
0
0
0
0
0
0
1
0
0
0
0
0
0
0
0
0
0
1
0
0
0
0
0
0
0
0
0
0
0
0
0
0
0
0
0
0
0
0
0
0
1
0
0
0
0
0
0
0
0
0
1
0
0
0
1
1
0
0
0
0
0
0
0
0
0
2
0
0
0
0
0
0
1
0
0
0
0
0
1
1
0
0
0
0
0
0
1
0
0
0
0
0
1
0
0
0
0
0
1
0
0
0
0
0
0
0
2
0
0
1
0
1
0
0
1
0
0
0
0
0
0
0
0
0
0
0
0
0
0
0
0
0
0
0
0
1
0
0
0
0
0
0
1
0
1
1
0
0
0
0
1
0
0
0
0
0
0
0
1
0
0
1
0
1
0
0
0
0
0
0
0
0
0
0
0
0
0
0
1
0
0
0
0
0
1
0
0
0
0
0
0
0
0
0
0
0
0
0
0
0
0
0
0
0
0
0
0
0
0
0
0
0
0
0
0
0
0
0
0
0
0
0
0
1
0
0
0
0
0
0
0
0
0
0
0
0
0
0
0
0
0
0
0
0
0
0
0
0
0
0
0
0
0
0
0
1
0
0
0
0
0
0
0
0
0
0
0
0
0
2
0
0
0
0
0
0
1
2
0
0
0
1
0
0
0
1
0
0
1
1
0
0
0
0
0
0
0
1
0
0
0
0
0
0
1
0
1
0
0
0
0
0
0
0
1
0
1
0
0
0
0
0
0
0
0
4
0
0
0
0
0
1
0
0
1
0
0
0
0
1
0
1
0
0
0
0
0
0
1
1
0
0
0
0
0
0
0
0
0
0
0
0
0
0
0
0
0
0
0
0
0
0
0
0
0
0
0
0
1
0
1
0
0
0
0
1
0
1
0
0
0
0
0
0
0
0
0
0
1
1
0
1
0
0
0
0
0
0
0
0
0
0
0
0
0
0
0
0
0
0
0
0
0
0
0
1
0
0
0
0
0
0
0
0
0
0
0
0
1
0
0
0
0
0
1
0
0
3
0
0
0
0
0
0
0
0
0
0
0
0
0
0
0
0
0
0
0
0
0
0
0
0
0
0
0
1
1
0
0
0
0
0
0
0
0
0
0
0
1
0
0
1
0
0
0
0
0
0
0
1
0
0
0
0
0
0
0
0
0
0
0
0
0
0
0
0
0
0
0
0
0
0
0
0
0
0
1
0
0
0
0
0
0
1
0
0
0
0
0
0
0
0
0
0
0
0
0
0
0
0
0
0
0
0
0
1
0
0
0
0
0
0
0
0
0
1
0
1
0
0
0
0
0
0
1
0
0
0
0
0
0
0
1
0
0
0
0
0
0
0
0
0
0
0
0
0
0
0
0
0
1
0
0
0
0
0
0
0
0
0
0
1
0
0
0
0
0
0
0
1
0
0
0
0
1
0
0
0
0
0
0
0
0
0
0
0
0
0
0
0
0
0
0
0
0
0
0
0
0
0
0
0
0
1
0
0
0
0
0
0
0
0
0
0
0
0
0
0
0
0
0
0
0
0
0
0
0
0
0
0
0
0
0
0
0
0
0
0
0
0
0
0
0
0
0
0
0
1
0
0
0
0
0
0
0
0
0
0
0
0
0
0
0
0
0
0
0
0
0
0
0
0
0
0
0
0
1
0
0
0
0
0
0
1
0
0
0
0
0
0
0
0
0
0
0
1
0
0
0
0
0
0
1
0
0
0
0
0
0
0
0
0
0
0
0
0
0
1
0
0
0
0
0
0
0
0
0
0
0
0
0
0
0
0
0
0
0
0
0
0
0
0
1
0
0
0
0
1
0
0
0
0
0
0
1
0
0
0
0
0
1
0
1
0
0
0
0
0
0
0
0
0
0
0
0
0
0
0
0
0
1
0
0
0
0
0
0
0
0
0
0
0
0
0
0
0
0
0
1
0
0
0
0
0
0
0
0
0
0
0
0
0
0
1
0
0
0
0
0
0
0
0
0
0
0
0
0
0
0
0
0
0
0
0
0
0
0
0
0
0
0
0
0
0
0
0
0
0
1
1
0
0
0
0
0
0
0
0
0
0
0
0
0
0
0
1
0
0
0
0
0
0
0
0
0
0
0
0
0
0
0
0
0
0
0
0
0
0
0
0
0
0
0
0
0
0
0
0
0
0
0
1
0
0
0
0
0
0
0
0
0
0
0
0
0
0
0
0
0
0
0
0
0
0
0
1
0
0
0
0
0
0
0
0
0
0
0
0
0
0
0
0
0
0
0
0
0
0
0
0
0
0
0
0
0
0
0
0
0
0
0
0
0
0
0
0
0
0
1
0
0
0
0
0
0
0
0
0
0
0
0
0
0
0
0
0
0
0
0
0
0
0
0
0
0
0
0
0
0
0
0
0
0
0
0
0
0
0
0
0
0
0
0
0
0
0
0
0
0
0
0
0
0
0
1
0
0
0
0
0
0
0
0
0
0
1
0
0
0
0
0
0
0
0
0
0
0
0
0
0
0
0
0
0
0
0
0
0
0
0
0
0
0
0
0
0
0
1
0
0
0
0
0
0
0
0
0
0
0
0
0
0
0
0
0
0
0
0
0
1
0
0
0
0
0
0
0
0
0
0
0
0
0
0
0
0
0
0
0
0
0
0
0
0
0
0
0
0
0
0
0
0
0
0
0
0
0
0
0
0
0
0
0
0
0
0
2
0
0
0
0
0
0
0
0
0
0
0
0
0
0
0
0
0
0
0
0
0
0
0
0
0
0
0
0
0
0
0
0
0
0
0
0
0
0
0
0
0
0
0
0
0
0
0
0
0
0
1
0
0
0
0
0
0
0
0
0
0
0
0
0
0
0
0
0
0
0
0
0
0
0
0
1
0
0
0
0
0
0
0
0
0
2
0
0
0
0
0
0
0
0
0
1
0
0
0
0
0
0
0
0
1
0
0
0
0
0
0
0
0
0
0
0
0
0
0
0
0
0
1
0
0
0
0
0
0
0
0
0
0
0
0
0
0
0
0
0
0
0
0
0
0
0
0
0
0
0
0
0
0
0
0
0
0
1
0
1
0
0
0
0
0
0
0
0
0
0
0
0
0
0
0
0
0
0
0
0
0
0
0
0
0
0
0
0
0
0
0
0
0
0
0
1
0
0
0
0
0
0
0
0
0
0
0
0
0
0
0
0
0
0
0
0
0
0
0
0
0
0
0
0
0
0
0
0
0
0
0
0
0
0
0
0
0
0
0
0
1
0
0
0
0
0
0
0
0
0
0
0
0
0
1
0
0
0
0
0
0
0
0
0
0
0
0
0
0
0
0
0
0
0
0
0
0
0
0
0
0
0
0
0
0
0
0
0
0
0
0
0
0
0
0
0
0
0
0
0
0
0
0
1
0
0
0
0
0
0
0
0
0
0
0
0
0
0
0
0
0
0
1
0
0
0
0
0
0
0
0
0
0
0
0
0
0
0
0
0
0
0
0
0
0
0
0
0
0
0
0
0
0
0
0
0
0
0
0
0
0
0
1
0
0
0
0
0
0
0
0
0
0
0
0
0
0
0
0
0
0
0
0
0
0
0
0
0
0
0
0
0
0
0
0
0
0
0
0
0
0
0
0
0
0
0
0
0
0
0
0
0
0
0
0
0
0
0
0
0
0
0
0
0
0
0
0
0
0
0
0
0
0
0
0
0
0
0
0
0
0
0
0
0
0
0
0
0
0
0
0
0
0
0
0
0
0
0
0
0
0
0
0
0
0
0
0
0
0
0
0
0
0
0
0
0
0
0
0
0
0
0
0
0
0
0
0
0
0
0
0
0
0
0
0
0
0
0
0
0
0
0
0
0
0
0
0
0
0
0
0
0
0
0
0
0
0
0
0
0
0
0
0
0
0
0
0
0
0
0
0
0
0
0
0
0
0
0
0
0
0
0
0
0
0
0
0
1
0
0
0
0
0
0
0
0
0
0
0
0
0
0
0
0
0
0
0
0
0
0
0
0
0
0
0
0
0
0
0
0
0
0
0
0
0
0
0
0
0
0
0
0
0
0
0
0
0
0
0
0
0
0
0
0
0
0
0
0
0
0
0
0
0
0
0
0
0
0
0
0
0
0
0
0
0
0
0
0
0
0
0
0
0
0
0
0
0
0
0
0
0
0
0
0
0
0
0
0
0
0
1
0
0
0
0
0
0
0
0
0
0
0
0
0
0
0
0
0
0
0
0
0
0
0
0
0
0
0
0
0
0
0
0
0
0
0
0
0
0
0
0
0
0
0
0
0
0
0
0
0
0
0
0
0
0
0
0
0
0
0
0
0
0
0
0
0
0
0
0
0
0
0
0
0
0
0
0
0
1
0
0
0
0
0
0
0
0
0
0
0
0
0
0
0
0
0
0
0
0
0
0
0
0
0
0
0
0
0
0
0
0
0
0
0
0
0
0
0
0
0
0
0
0
0
0
0
0
0
0
0
0
0
0
0
0
0
0
0
0
0
0
0
0
0
0
0
0
0
0
0
0
0
0
0
0
0
0
0
0
0
0
0
0
0
0
0
0
0
0
0
0
0
0
0
0
0
0
0
0
0
0
0
0
0
0
0
0
0
0
0
0
0
0
0
0
0
0
0
0
0
0
0
0
0
0
0
0
0
0
0
0
0
0
0
0
0
0
0
0
0
0
0
0
0
0
0
0
1
0
0
0
0
0
0
0
0
0
0
0
0
0
0
0
0
0
0
0
0
0
0
0
0
0
0
0
0
0
0
0
0
0
0
0
0
0
0
0
0
0
0
0
0
0
0
0
0
0
0
0
0
0
0
0
0
0
0
0
0
0
0
0
0
0
0
0
0
0
0
0
0
0
0
0
0
0
0
0
0
0
0
0
0
0
0
0
0
0
0
0
0
0
0
0
0
0
0
0
0
0
0
0
0
0
0
0
0
0
0
0
0
0
0
0
0
0
0
0
0
0
0
0
0
0
0
0
0
0
0
0
0
0
0
0
0
0
0
0
0
0
0
0
0
0
0
0
0
0
0
0
0
0
0
0
0
0
0
0
0
0
0
0
0
0
0
0
0
0
0
0
0
0
0
0
0
0
0
0
0
0
0
0
0
0
0
0
0
0
0
0
0
0
0
0
0
0
0
0
0
0
0
0
0
0
0
0
0
0
0
0
0
0
0
0
0
0
0
0
0
0
0
0
0
0
0
0
0
0
0
0
0
0
0
0
0
0
0
0
0
0
0
0
0
0
0
0
0
0
0
0
0
0
0
0
0
0
0
0
0
0
0
0
0
0
0
0
0
0
0
0
0
0
0
0
0
0
0
0
0
0
0
0
0
0
0
0
0
0
0
0
0
0
0
0
0
0
0
0
0
0
0
0
0
0
0
0
0
0
0
0
0
0
0
0
0
0
0
0
0
0
0
0
0
0
0
0
0
0
0
0
0
0
0
0
0
0
0
0
0
0
0
0
0
0
0
0
0
0
0
0
0
0
0
0
0
0
0
0
0
0
0
0
0
0
0
0
0
0
0
0
0
0
0
0
0
0
0
0
0
0
0
0
0
0
0
0
0
0
0
0
0
0
0
0
0
0
0
0
0
0
0
0
0
0
0
0
0
0
0
0
0
0
0
0
0
0
0
0
0
0
0
0
0
0
0
0
0
0
0
0
0
0
0
0
0
0
0
0
0
0
0
0
0
0
0
0
0
0
0
0
0
0
0
0
0
0
0
0
0
0
0
0
0
0
0
0
0
0
0
0
0
0
0
0
0
0
0
0
0
0
0
0
0
0
0
0
0
0
0
0
0
0
0
0
0
0
0
0
0
0
0
0
0
0
0
0
0
0
0
0
0
0
0
0
0
0
0
0
0
0
0
0
0
0
0
0
0
0
0
0
0
0
0
0
0
0
0
0
0
0
0
0
0
0
0
0
0
0
0
0
0
0
0
0
0
0
0
0
0
0
0
0
0
0
0
0
0
0
0
1
0
0
0
0
0
0
0
0
0
0
0
0
0
0
0
0
0
0
0
0
0
0
0
0
0
0
0
0
0
0
0
0
0
0
0
0
0
0
0
0
0
0
0
0
0
0
0
0
0
0
0
0
0
0
0
0
0
0
0
0
0
0
0
0
0
0
0
0
0
0
0
0
0
0
0
0
0
0
0
0
0
0
0
0
0
0
0
0
0
0
0
0
0
0
0
0
0
0
0
0
0
0
0
0
0
0
0
0
0
0
0
0
0
0
0
0
0
0
0
0
0
0
0
0
0
0
0
0
0
0
0
0
0
0
0
0
0
0
0
0
0
0
0
0
0
0
0
0
0
0
0
0
0
0
0
0
0
0
0
0
0
0
0
0
0
0
0
0
0
0
0
0
0
0
0
0
1
0
0
0
0
0
0
0
0
0
0
0
0
0
0
0
0
0
0
0
0
0
0
0
0
0
0
0
0
0
0
0
0
0
0
0
0
0
0
0
0
0
0
0
0
0
0
0
0
0
0
0
0
0
0
0
0
0
0
0
0
0
0
0
0
0
0
0
0
0
0
0
0
0
0
0
0
0
0
0
0
0
0
0
0
0
0
0
0
0
0
0
0
0
0
0
0
0
0
0
0
0
0
0
0
0
0
0
0
0
0
0
0
0
0
0
0
0
0
0
0
0
0
0
0
0
0
0
0
0
0
0
0
0
0
0
0
0
0
0
0
0
0
0
0
0
0
0
0
0
0
0
0
0
0
0
0
0
0
0
0
0
0
0
0
0
0
0
0
0
0
0
0
0
0
0
0
0
0
0
0
0
0
0
0
0
0
0
0
0
0
0
0
0
0
0
0
0
0
0
0
0
0
0
0
0
0
0
0
0
0
0
0
0
0
0
0
0
0
0
0
0
0
0
0
0
0
0
0
0
0
0
0
0
0
0
0
0
0
0
0
0
0
0
0
0
0
0
0
0
0
0
0
0
0
0
0
0
0
0
0
0
0
0
0
0
0
0
0
0
0
0
0
0
0
0
0
0
0
0
0
0
0
0
0
0
0
0
0
0
0
0
0
0
0
0
0
0
0
0
0
0
0
0
0
0
0
0
0
0
0
0
0
0
0
0
0
0
0
0
0
0
0
0
0
0
0
0
0
0
0
0
0
0
0
0
0
0
0
0
0
0
0
0
0
0
0
0
0
0
0
0
0
0
0
0
0
0
0
0
0
0
0
0
0
0
0
0
0
0
0
0
0
0
0
0
0
0
0
0
0
0
0
0
0
0
0
0
0
0
0
0
0
0
0
0
0
0
0
0
0
0
0
0
0
0
0
0
0
0
0
0
0
0
0
0
0
0
0
0
0
0
0
0
0
0
0
0
0
0
0
0
0
0
0
0
0
0
0
0
0
0
0
0
0
0
0
0
0
0
0
0
0
0
0
0
0
0
0
0
0
0
0
0
0
0
0
0
0
0
0
0
0
0
0
0
0
0
0
0
0
0
0
0
0
0
0
0
0
0
0
0
0
0
0
0
0
0
0
<<END>>
<<DP5 CONFIGURATION>>
RESC=?;    Reset Configuration
PURE=OFF;    PUR Interval On/Off
MCAS=NORM;    MCA Source
MCAC=8192;    MCA/MCS Channels
SOFF=OFF;    Set Spectrum Offset
GAIA=2;    Analog Gain Index
PDMD=NORM;    Peak Detect Mode (Min/Max)
THSL=2.001;    Slow Threshold
TLLD=OFF;    LLD Threshold
GATE=OFF;    Gate Control
AUO1=PEAKH;    AUX_OUT Selection
PRER=OFF;    Preset Real Time
PREL=OFF;    Preset Live Time
PREC=OFF;    Preset Counts
PRCL=0;    Preset Counts Low Threshold
PRCH=8191;    Preset Counts High Threshold
SCOE=FA;    Scope Trigger Edge
SCOT=50;    Scope Trigger Position
SCOG=1;    Digital Scope Gain
MCSL=0;    MCS Low Threshold
MCSH=8191;    MCS High Threshold
MCST=0.01;    MCS Timebase
AUO2=ICR;    AUX_OUT2 Selection
GPED=RI;    G.P. Counter Edge
GPIN=AUX2;    G.P. Counter Input
GPME=ON;    G.P. Counter Uses MCA_EN?
GPGA=ON;    G.P. Counter Uses GATE?
GPMC=ON;    G.P. Counter Cleared With MCA Counters?
MCAE=OFF;    MCA/MCS Enable
PDMD=NORM;
<<DP5 CONFIGURATION END>>
<<DPP STATUS>>
Device Type: MCA8000D
Serial Number: 1625
Firmware: 6.09  Build:  0
FPGA: 1.08
Slow Count: 2410397
GP Count: 0
Real Time: 101.493000
Live Time: 96.733000
Board Temp: 39°C
<<DPP STATUS END>>
